5                                            NIDMOD (Cu,B,S,G,Cub)
24					     NORMOD
 CU                                          IDLABEL ('a3')
  -0.577350       0.577350       0.577350    {112}<111> COPPER
   0.000000      -0.707107       0.707107    
   0.816497       0.408248       0.408248    
   0.577350      -0.577350      -0.577350    
   0.000000       0.707107      -0.707107    
   0.816497       0.408248       0.408248    
   0.577350      -0.577350       0.577350    
   0.707107       0.000000      -0.707107    
   0.408248       0.816497       0.408248    
  -0.577350       0.577350      -0.577350    
  -0.707107       0.000000       0.707107    
   0.408248       0.816497       0.408248    
   0.577350       0.577350      -0.577350    
  -0.707107       0.707107       0.000000    
   0.408248       0.408248       0.816497    
  -0.577350      -0.577350       0.577350    
   0.707107      -0.707107       0.000000    
   0.408248       0.408248       0.816497    
  -0.577350      -0.577350       0.577350    
   0.707107       0.000000       0.707107    
  -0.408248       0.816497       0.408248    
   0.577350       0.577350      -0.577350    
  -0.707107       0.000000      -0.707107    
  -0.408248       0.816497       0.408248    
   0.577350       0.577350       0.577350    
   0.000000       0.707107      -0.707107    
  -0.816497       0.408248       0.408248    
  -0.577350      -0.577350      -0.577350    
   0.000000      -0.707107       0.707107    
  -0.816497       0.408248       0.408248    
  -0.577350       0.577350      -0.577350    
  -0.707107      -0.707107       0.000000    
  -0.408248       0.408248       0.816497    
   0.577350      -0.577350       0.577350    
   0.707107       0.707107       0.000000    
  -0.408248       0.408248       0.816497    
   0.577350      -0.577350       0.577350    
   0.000000       0.707107       0.707107    
  -0.816496      -0.408248       0.408248    
  -0.577350       0.577350      -0.577350    
   0.000000      -0.707107      -0.707107    
  -0.816496      -0.408248       0.408248    
  -0.577350       0.577350       0.577350    
  -0.707107       0.000000      -0.707107    
  -0.408248      -0.816497       0.408248    
   0.577350      -0.577350      -0.577350    
   0.707107       0.000000       0.707107    
  -0.408248      -0.816497       0.408248    
  -0.577350      -0.577350      -0.577350    
   0.707107      -0.707107       0.000000    
  -0.408248      -0.408248       0.816497    
   0.577350       0.577350       0.577350    
  -0.707107       0.707107       0.000000    
  -0.408248      -0.408248       0.816497    
   0.577350       0.577350       0.577350    
  -0.707107       0.000000       0.707107    
   0.408248      -0.816496       0.408248    
  -0.577350      -0.577350      -0.577350    
   0.707107       0.000000      -0.707107    
   0.408248      -0.816496       0.408248    
  -0.577350      -0.577350       0.577350    
   0.000000      -0.707107      -0.707107    
   0.816497      -0.408248       0.408248    
   0.577350       0.577350      -0.577350    
   0.000000       0.707107       0.707107    
   0.816497      -0.408248       0.408248    
   0.577350      -0.577350      -0.577350    
   0.707107       0.707107       0.000000    
   0.408248      -0.408248       0.816497    
  -0.577350       0.577350       0.577350    
  -0.707107      -0.707107       0.000000    
   0.408248      -0.408248       0.816497    
32                                              NORMOD
 BR                                             IDLABEL
   0.408248      -0.408248       0.816497	{110}<112> BRASS    
   0.577350      -0.577350      -0.577350    
   0.707107       0.707107       0.000000    
   0.408248      -0.408248       0.816497    
  -0.577350       0.577350       0.577350    
  -0.707107      -0.707107       0.000000    
  -0.408248       0.408248      -0.816497    
   0.577350      -0.577350      -0.577350    
  -0.707107      -0.707107       0.000000    
  -0.408248       0.408248      -0.816497    
  -0.577350       0.577350       0.577350    
   0.707107       0.707107       0.000000    
   0.816497       0.408248      -0.408248    
  -0.577350       0.577350      -0.577350    
   0.000000       0.707107       0.707107    
  -0.816497      -0.408248       0.408248    
   0.577350      -0.577350       0.577350    
   0.000000       0.707107       0.707107    
  -0.408248       0.816497       0.408248    
  -0.577350      -0.577350       0.577350    
   0.707107       0.000000       0.707107    
   0.408248      -0.816497      -0.408248    
   0.577350       0.577350      -0.577350    
   0.707107       0.000000       0.707107    
   0.408248      -0.408248      -0.816497    
   0.577350      -0.577350       0.577350    
  -0.707107      -0.707107       0.000000    
   0.408248      -0.408248      -0.816497    
  -0.577350       0.577350      -0.577350    
   0.707107       0.707107       0.000000    
  -0.408248       0.408248       0.816497    
   0.577350      -0.577350       0.577350    
   0.707107       0.707107       0.000000    
  -0.408248       0.408248       0.816497    
  -0.577350       0.577350      -0.577350    
  -0.707107      -0.707107       0.000000    
  -0.408248      -0.816497       0.408248    
   0.577350      -0.577350      -0.577350    
   0.707107       0.000000       0.707107    
   0.408248       0.816497      -0.408248    
  -0.577350       0.577350       0.577350    
   0.707107       0.000000       0.707107    
  -0.816497       0.408248      -0.408248    
  -0.577350      -0.577350       0.577350    
   0.000000       0.707107       0.707107    
   0.816497      -0.408248       0.408248    
   0.577350       0.577350      -0.577350    
   0.000000       0.707107       0.707107    
   0.408248       0.408248       0.816497    
   0.577350       0.577350      -0.577350    
  -0.707107       0.707107       0.000000    
   0.408248       0.408248       0.816497    
  -0.577350      -0.577350       0.577350    
   0.707107      -0.707107       0.000000    
  -0.408248      -0.408248      -0.816497    
   0.577350       0.577350      -0.577350    
   0.707107      -0.707107       0.000000    
  -0.408248      -0.408248      -0.816497    
  -0.577350      -0.577350       0.577350    
  -0.707107       0.707107       0.000000    
  -0.408248       0.816497      -0.408248    
  -0.577350      -0.577350      -0.577350    
  -0.707107       0.000000       0.707107    
   0.408248      -0.816497       0.408248    
   0.577350       0.577350       0.577350    
  -0.707107       0.000000       0.707107    
   0.408248       0.408248      -0.816497    
   0.577350       0.577350       0.577350    
   0.707107      -0.707107       0.000000    
   0.408248       0.408248      -0.816497    
  -0.577350      -0.577350      -0.577350    
  -0.707107       0.707107       0.000000    
  -0.408248      -0.408248       0.816497    
   0.577350       0.577350       0.577350    
  -0.707107       0.707107       0.000000    
  -0.408248      -0.408248       0.816497    
  -0.577350      -0.577350      -0.577350    
   0.707107      -0.707107       0.000000    
  -0.408248      -0.816497      -0.408248    
   0.577350      -0.577350       0.577350    
  -0.707107       0.000000       0.707107    
   0.408248       0.816497       0.408248    
  -0.577350       0.577350      -0.577350    
  -0.707107       0.000000       0.707107    
  -0.816496      -0.408248      -0.408248    
   0.577350      -0.577350      -0.577350    
   0.000000      -0.707107       0.707107    
   0.816496       0.408248       0.408248    
  -0.577350       0.577350       0.577350    
   0.000000      -0.707107       0.707107    
   0.816497      -0.408248      -0.408248    
   0.577350       0.577350       0.577350    
   0.000000      -0.707107       0.707107    
  -0.816497       0.408248       0.408248    
  -0.577350      -0.577350      -0.577350    
   0.000000      -0.707107       0.707107    
48                                              NORMOD
  S                                             IDLABEL
   0.768221       0.384111      -0.512147	{123}<634> S
  -0.581728       0.752824      -0.307974    
   0.267261       0.534522       0.801784    
  -0.768221      -0.384111       0.512147    
   0.581728      -0.752824       0.307974    
   0.267261       0.534522       0.801784    
  -0.512147       0.768221       0.384111    
  -0.307974      -0.581728       0.752824    
   0.801784       0.267261       0.534522    
   0.512147      -0.768221      -0.384111    
   0.307974       0.581728      -0.752824    
   0.801784       0.267261       0.534522    
   0.384111      -0.512147       0.768221    
   0.752824      -0.307974      -0.581728    
   0.534522       0.801784       0.267261    
  -0.384111       0.512147      -0.768221    
  -0.752824       0.307974       0.581728    
   0.534522       0.801784       0.267261    
  -0.384111      -0.768221       0.512147    
   0.752824      -0.581728      -0.307974    
   0.534522       0.267261       0.801784    
   0.384111       0.768221      -0.512147    
  -0.752824       0.581728       0.307974    
   0.534522       0.267261       0.801784    
  -0.768221       0.512147      -0.384111    
  -0.581728      -0.307974       0.752824    
   0.267261       0.801784       0.534522    
   0.768221      -0.512147       0.384111    
   0.581728       0.307974      -0.752824    
   0.267261       0.801784       0.534522    
   0.512147      -0.384111      -0.768221    
  -0.307974       0.752824      -0.581728    
   0.801784       0.534522       0.267261    
  -0.512147       0.384111       0.768221    
   0.307974      -0.752824       0.581728    
   0.801784       0.534522       0.267261    
  -0.384111       0.768221      -0.512147    
  -0.752824      -0.581728      -0.307974    
  -0.534522       0.267261       0.801784    
   0.384111      -0.768221       0.512147    
   0.752824       0.581728       0.307974    
  -0.534522       0.267261       0.801784    
  -0.768221      -0.512148       0.384111    
   0.581728      -0.307974       0.752824    
  -0.267261       0.801784       0.534522    
   0.768221       0.512148      -0.384111    
  -0.581728       0.307974      -0.752824    
  -0.267261       0.801784       0.534522    
   0.512147       0.384111       0.768221    
   0.307974       0.752824      -0.581728    
  -0.801784       0.534522       0.267261    
  -0.512147      -0.384111      -0.768221    
  -0.307974      -0.752824       0.581728    
  -0.801784       0.534522       0.267261    
   0.768221      -0.384111       0.512147    
   0.581728       0.752824      -0.307974    
  -0.267261       0.534522       0.801784    
  -0.768221       0.384111      -0.512147    
  -0.581728      -0.752824       0.307974    
  -0.267261       0.534522       0.801784    
  -0.512147      -0.768221      -0.384111    
   0.307974      -0.581728       0.752824    
  -0.801784       0.267261       0.534522    
   0.512147       0.768221       0.384111    
  -0.307974       0.581728      -0.752824    
  -0.801784       0.267261       0.534522    
   0.384111       0.512147      -0.768221    
  -0.752824      -0.307974      -0.581728    
  -0.534523       0.801784       0.267261    
  -0.384111      -0.512147       0.768221    
   0.752824       0.307974       0.581728    
  -0.534523       0.801784       0.267261    
  -0.768221      -0.384111      -0.512147    
   0.581728      -0.752824      -0.307974    
  -0.267261      -0.534522       0.801784    
   0.768221       0.384111       0.512147    
  -0.581728       0.752824       0.307974    
  -0.267261      -0.534522       0.801784    
   0.512148      -0.768221       0.384111    
   0.307974       0.581728       0.752824    
  -0.801784      -0.267261       0.534522    
  -0.512148       0.768221      -0.384111    
  -0.307974      -0.581728      -0.752824    
  -0.801784      -0.267261       0.534522    
  -0.384111       0.512147       0.768221    
  -0.752824       0.307974      -0.581728    
  -0.534522      -0.801784       0.267261    
   0.384111      -0.512147      -0.768221    
   0.752824      -0.307974       0.581728    
  -0.534522      -0.801784       0.267261    
   0.384111       0.768221       0.512147    
  -0.752824       0.581728      -0.307974    
  -0.534522      -0.267261       0.801784    
  -0.384111      -0.768221      -0.512147    
   0.752824      -0.581728       0.307974    
  -0.534522      -0.267261       0.801784    
   0.768221      -0.512147      -0.384111    
   0.581728       0.307974       0.752824    
  -0.267261      -0.801784       0.534522    
  -0.768221       0.512147       0.384111    
  -0.581728      -0.307974      -0.752824    
  -0.267261      -0.801784       0.534522    
  -0.512148       0.384111      -0.768221    
   0.307974      -0.752824      -0.581728    
  -0.801784      -0.534523       0.267261    
   0.512148      -0.384111       0.768221    
  -0.307974       0.752824       0.581728    
  -0.801784      -0.534523       0.267261    
   0.384111      -0.768221      -0.512147    
   0.752824       0.581728      -0.307974    
   0.534523      -0.267261       0.801784    
  -0.384111       0.768221       0.512147    
  -0.752824      -0.581728       0.307974    
   0.534523      -0.267261       0.801784    
   0.768221       0.512148       0.384111    
  -0.581728       0.307974       0.752824    
   0.267261      -0.801784       0.534522    
  -0.768221      -0.512148      -0.384111    
   0.581728      -0.307974      -0.752824    
   0.267261      -0.801784       0.534522    
  -0.512147      -0.384111       0.768221    
  -0.307974      -0.752824      -0.581728    
   0.801784      -0.534522       0.267261    
   0.512147       0.384111      -0.768221    
   0.307974       0.752824       0.581728    
   0.801784      -0.534522       0.267261    
  -0.768221       0.384111       0.512147    
  -0.581728      -0.752824      -0.307974    
   0.267261      -0.534522       0.801784    
   0.768221      -0.384111      -0.512147    
   0.581728       0.752824       0.307974    
   0.267261      -0.534522       0.801784    
   0.512147       0.768221      -0.384111    
  -0.307974       0.581728       0.752824    
   0.801784      -0.267261       0.534522    
  -0.512147      -0.768221       0.384111    
   0.307974      -0.581728      -0.752824    
   0.801784      -0.267261       0.534522    
  -0.384111      -0.512148      -0.768221    
   0.752824       0.307974      -0.581728    
   0.534523      -0.801784       0.267261    
   0.384111       0.512148       0.768221    
  -0.752824      -0.307974       0.581728    
   0.534523      -0.801784       0.267261    
16                                              NORMOD
GOS                                             IDLABEL
   0.000000       0.000000        1.00000    	{110}<001> GOSS
   0.707107      -0.707107       0.000000    
   0.707107       0.707107       0.000000    
   0.000000       0.000000        1.00000    
  -0.707107       0.707107       0.000000    
  -0.707107      -0.707107       0.000000    
   0.000000       0.000000       -1.00000    
   0.707107      -0.707107       0.000000    
  -0.707107      -0.707107       0.000000    
   0.000000       0.000000       -1.00000    
  -0.707107       0.707107       0.000000    
   0.707107       0.707107       0.000000    
    1.00000       0.000000       0.000000    
   0.000000       0.707107      -0.707107    
   0.000000       0.707107       0.707107    
   -1.00000       0.000000       0.000000    
   0.000000      -0.707107       0.707107    
   0.000000       0.707107       0.707107    
   0.000000        1.00000       0.000000    
  -0.707107       0.000000       0.707107    
   0.707107       0.000000       0.707107    
   0.000000       -1.00000       0.000000    
   0.707107       0.000000      -0.707107    
   0.707107       0.000000       0.707107    
   0.000000       0.000000        1.00000    
   0.707107       0.707107       0.000000    
  -0.707107       0.707107       0.000000    
   0.000000       0.000000        1.00000    
  -0.707107      -0.707107       0.000000    
   0.707107      -0.707107       0.000000    
   0.000000       0.000000       -1.00000    
   0.707107       0.707107       0.000000    
   0.707107      -0.707107       0.000000    
   0.000000       0.000000       -1.00000    
  -0.707107      -0.707107       0.000000    
  -0.707107       0.707107       0.000000    
   0.000000        1.00000       0.000000    
  -0.707107       0.000000      -0.707107    
  -0.707107       0.000000       0.707107    
   0.000000       -1.00000       0.000000    
   0.707107       0.000000       0.707107    
  -0.707107       0.000000       0.707107    
   -1.00000       0.000000       0.000000    
   0.000000      -0.707107      -0.707107    
   0.000000      -0.707107       0.707107    
    1.00000       0.000000       0.000000    
   0.000000       0.707107       0.707107    
   0.000000      -0.707107       0.707107    
20                                              NORMOD
CUB                                             IDLABEL
   0.000000       0.000000        1.00000	{100}<001> CUBE    
   0.000000       -1.00000       0.000000    
    1.00000       0.000000       0.000000    
   0.000000       0.000000        1.00000    
   0.000000        1.00000       0.000000    
   -1.00000       0.000000       0.000000    
   0.000000       0.000000       -1.00000    
   0.000000       -1.00000       0.000000    
   -1.00000       0.000000       0.000000    
   0.000000       0.000000       -1.00000    
   0.000000        1.00000       0.000000    
    1.00000       0.000000       0.000000    
    1.00000       0.000000       0.000000    
   0.000000       0.000000       -1.00000    
   0.000000        1.00000       0.000000    
    1.00000       0.000000       0.000000    
   0.000000       0.000000        1.00000    
   0.000000       -1.00000       0.000000    
   -1.00000       0.000000       0.000000    
   0.000000       0.000000       -1.00000    
   0.000000       -1.00000       0.000000    
   -1.00000       0.000000       0.000000    
   0.000000       0.000000        1.00000    
   0.000000        1.00000       0.000000    
   0.000000        1.00000       0.000000    
   -1.00000       0.000000       0.000000    
   0.000000       0.000000        1.00000    
   0.000000       -1.00000       0.000000    
    1.00000       0.000000       0.000000    
   0.000000       0.000000        1.00000    
   0.000000       0.000000       -1.00000    
    1.00000       0.000000       0.000000    
   0.000000       -1.00000       0.000000    
   0.000000       0.000000       -1.00000    
   -1.00000       0.000000       0.000000    
   0.000000        1.00000       0.000000    
   0.000000       0.000000        1.00000    
    1.00000       0.000000       0.000000    
   0.000000        1.00000       0.000000    
   0.000000       0.000000        1.00000    
   -1.00000       0.000000       0.000000    
   0.000000       -1.00000       0.000000    
   0.000000       -1.00000       0.000000    
   0.000000       0.000000        1.00000    
   -1.00000       0.000000       0.000000    
   0.000000       -1.00000       0.000000    
   0.000000       0.000000       -1.00000    
    1.00000       0.000000       0.000000    
   0.000000        1.00000       0.000000    
   0.000000       0.000000        1.00000    
    1.00000       0.000000       0.000000    
   0.000000        1.00000       0.000000    
   0.000000       0.000000       -1.00000    
   -1.00000       0.000000       0.000000    
   -1.00000       0.000000       0.000000    
   0.000000       -1.00000       0.000000    
   0.000000       0.000000        1.00000    
    1.00000       0.000000       0.000000    
   0.000000        1.00000       0.000000    
   0.000000       0.000000        1.00000    
