     Evm         C11  C22  C33  C23  C13  C12   C44  C55  C66                                                                   A1  A2  A3
     0.00000     0.3124E+03  0.3132E+03  0.3120E+03  0.1513E+02  0.1561E+02  0.1506E+02  0.1485E+03  0.1485E+03  0.1489E+03     0.1270E-04  0.1266E-04  0.1274E-04
SGRc for IPH   = 1
      -0.1166E-01 -0.4901E-02  0.1286E-01
      -0.4901E-02  0.9269E-02  0.2888E-02
       0.1286E-01  0.2888E-02  0.2398E-02
EELGRc for IPH   = 1
      -0.3551E-04 -0.1578E-04  0.4126E-04
      -0.1578E-04  0.3185E-04  0.9281E-05
       0.4126E-04  0.9281E-05  0.9660E-05
SGRc for IPH   = 1
      -0.2332E-01 -0.9801E-02  0.2573E-01
      -0.9801E-02  0.1854E-01  0.5777E-02
       0.2573E-01  0.5777E-02  0.4797E-02
EELGRc for IPH   = 1
      -0.7102E-04 -0.3155E-04  0.8252E-04
      -0.3155E-04  0.6371E-04  0.1856E-04
       0.8252E-04  0.1856E-04  0.1932E-04
SGRc for IPH   = 1
      -0.3498E-01 -0.1470E-01  0.3859E-01
      -0.1470E-01  0.2781E-01  0.8665E-02
       0.3859E-01  0.8665E-02  0.7195E-02
EELGRc for IPH   = 1
      -0.1065E-03 -0.4733E-04  0.1238E-03
      -0.4733E-04  0.9556E-04  0.2784E-04
       0.1238E-03  0.2784E-04  0.2898E-04
SGRc for IPH   = 1
      -0.4664E-01 -0.1960E-01  0.5145E-01
      -0.1960E-01  0.3707E-01  0.1155E-01
       0.5145E-01  0.1155E-01  0.9593E-02
EELGRc for IPH   = 1
      -0.1420E-03 -0.6311E-04  0.1650E-03
      -0.6311E-04  0.1274E-03  0.3713E-04
       0.1650E-03  0.3713E-04  0.3864E-04
SGRc for IPH   = 1
      -0.5830E-01 -0.2450E-01  0.6432E-01
      -0.2450E-01  0.4634E-01  0.1444E-01
       0.6432E-01  0.1444E-01  0.1199E-01
EELGRc for IPH   = 1
      -0.1775E-03 -0.7889E-04  0.2063E-03
      -0.7889E-04  0.1593E-03  0.4641E-04
       0.2063E-03  0.4641E-04  0.4830E-04
SGRc for IPH   = 1
      -0.6996E-01 -0.2940E-01  0.7718E-01
      -0.2940E-01  0.5561E-01  0.1733E-01
       0.7718E-01  0.1733E-01  0.1439E-01
EELGRc for IPH   = 1
      -0.2131E-03 -0.9466E-04  0.2476E-03
      -0.9466E-04  0.1911E-03  0.5569E-04
       0.2476E-03  0.5569E-04  0.5796E-04
SGRc for IPH   = 1
      -0.8162E-01 -0.3430E-01  0.9004E-01
      -0.3430E-01  0.6488E-01  0.2022E-01
       0.9004E-01  0.2022E-01  0.1679E-01
EELGRc for IPH   = 1
      -0.2486E-03 -0.1104E-03  0.2888E-03
      -0.1104E-03  0.2230E-03  0.6497E-04
       0.2888E-03  0.6497E-04  0.6762E-04
SGRc for IPH   = 1
      -0.9329E-01 -0.3921E-01  0.1029E+00
      -0.3921E-01  0.7415E-01  0.2311E-01
       0.1029E+00  0.2311E-01  0.1919E-01
EELGRc for IPH   = 1
      -0.2841E-03 -0.1262E-03  0.3301E-03
      -0.1262E-03  0.2548E-03  0.7425E-04
       0.3301E-03  0.7425E-04  0.7728E-04
SGRc for IPH   = 1
      -0.1049E+00 -0.4411E-01  0.1158E+00
      -0.4411E-01  0.8342E-01  0.2600E-01
       0.1158E+00  0.2600E-01  0.2158E-01
EELGRc for IPH   = 1
      -0.3196E-03 -0.1420E-03  0.3714E-03
      -0.1420E-03  0.2867E-03  0.8353E-04
       0.3714E-03  0.8353E-04  0.8694E-04
SGRc for IPH   = 1
      -0.1166E+00 -0.4901E-01  0.1286E+00
      -0.4901E-01  0.9269E-01  0.2888E-01
       0.1286E+00  0.2888E-01  0.2398E-01
EELGRc for IPH   = 1
      -0.3551E-03 -0.1578E-03  0.4126E-03
      -0.1578E-03  0.3185E-03  0.9281E-04
       0.4126E-03  0.9281E-04  0.9660E-04
