
 **** INPUT FILE VPSC.IN FOR THIS RUN ****
1                          number of elements (nelem)                                                                             
1                          number of phases (nph)                                                                                 
1.0  0.0                   relative vol. fract. of phases (wph(i))                                                                
*INFORMATION ABOUT PHASE #1                                                                                                       
2   0   25                    grain shape contrl, fragmentn, crit aspect ratio                                                    
1.0  1.0  1.0                 initial ellipsoid ratios (dummy if ishape=4)                                                        
0.0  0.0  0.0                 init Eul ang ellips axes (dummy if ishape=3,4)                                                      
* name and path of texture file (filetext)                                                                                        
ex15_grshp\rand500.tex                                                                                                            
* name and path of single crystal file (filecrys)                                                                                 
ex15_grshp\HCPhard.sx                                                                                                             
* name and path of grain shape file (dummy if ishape<3) (fileaxes)                                                                
dummy                                                                                                                             
* name and path of diffraction file (dummy if ishape=0)                                                                           
0                                                                                                                                 
dummy                                                                                                                             
*PRECISION SETTINGS FOR CONVERGENCE PROCEDURES (default values)                                                                   
1.e-2 1.e-2 1.e-2 0.01     errs,errd,errm,errso                                                                                   
200 100 25     itmax:   max # of iter, external, internal and SO loops                                                            
0  2  10  2   irsvar & jrsini,jrsfin,jrstep (dummy if irsvar=0)                                                                   
*INPUT/OUTPUT SETTINGS FOR THE RUN (default is zero)                                                                              
0              irecover:read grain states from POSTMORT.IN (1) or not (0)?                                                        
0              isave:   write grain states in POSTMORT.OUT at step 'isave'?                                                       
0              icubcomp:calculate fcc rolling components?                                                                         
50               nwrite (frequency of texture downloads)                                                                          
*MODELING CONDITIONS FOR THE RUN                                                                                                  
3              interaction (0:FC,1:affine,2:secant,3:neff=10,4:tangent,5:SO)                                                      
1  1  1        iupdate: update orient, grain shape, hardening                                                                     
0              nneigh (0 for no neighbors, 1 for pairs, etc.)                                                                     
0              iflu (0: don't calc, 1: calc fluctuations)                                                                         
*NUMBER OF PROCESSES (Lij const; Lij variable; PCYS ;LANKFORD; rigid rotatn)                                                      
1                                                                                                                                 
*IVGVAR AND PATH\NAME OF FILE FOR EACH PROCESS (dummy if ivgvar=2,3)                                                              
0                                                                                                                                 
ex15_grshp\shear200.12                                                                                                            


 **** CRYSTAL DATA FILE ****
*Material: zirconium                                                                                                              
HEXAGONAL                                crysym                                                                                   
1.  1.  1.594     90.  90.  120.         cdim(i),cang(i)                                                                          
*Elastic stiffness of single crystal [MPa]                                                                                        
  143.5e3    72.5e3    65.4e3     0.0     0.0     0.0                                                                             
   72.5e3   143.5e3    65.4e3     0.0     0.0     0.0                                                                             
   65.4e3    65.4e3   164.9e3     0.0     0.0     0.0                                                                             
    0.0     0.0     0.0    32.1e3     0.0e3     0.0e3                                                                             
    0.0     0.0     0.0     0.0e3    32.1e3     0.0e3                                                                             
    0.0     0.0     0.0     0.0e3     0.0e3    35.5e3                                                                             
*Thermal expansion coefficients of single crystal[K^(-1)]                                                                         
  5.7e-6   5.7e-6  10.3e-6   0.0e0   0.0e0   0.0e0                                                                                
SLIP AND TWINNING MODES                                                                                                           
6                               nmodesx                                                                                           
2                               nmodes                                                                                            
1  4  5  6                      mode(i)                                                                                           
PRISMATIC <a>                                                                                                                     
  1    3   1   0                       modex,nsmx,isensex,itwtypex                                                                
 1  0 -1  0    -1  2 -1  0                                                                                                        
 0 -1  1  0     2 -1 -1  0                                                                                                        
 -1  1  0  0    -1 -1  2  0                                                                                                       
BASAL <a>                                                                                                                         
  2    3   1   0                       modex,nsmx,isensex,itwtypex                                                                
 0  0  0  1     2 -1 -1  0                                                                                                        
 0  0  0  1    -1  2 -1  0                                                                                                        
 0  0  0  1    -1 -1  2  0                                                                                                        
PYRAMIDAL<a>                                                                                                                      
  3    6   1   0                       modex,nsmx,isensex,itwtypex                                                                
 1  0 -1  1    -1  2 -1  0                                                                                                        
 0 -1  1  1     2 -1 -1  0                                                                                                        
 -1  1  0  1    -1 -1  2  0                                                                                                       
 -1  0  1  1    -1  2 -1  0                                                                                                       
 0  1 -1  1     2 -1 -1  0                                                                                                        
 1 -1  0  1     1  1 -2  0                                                                                                        
PYRAMIDAL<c+a>                                                                                                                    
  4   12   1   0                       modex,nsmx,isensex,itwtypex                                                                
 1  0 -1  1    -1 -1  2  3                                                                                                        
 1  0 -1  1    -2  1  1  3                                                                                                        
 0 -1  1  1     1  1 -2  3                                                                                                        
 0 -1  1  1    -1  2 -1  3                                                                                                        
 -1  1  0  1     2 -1 -1  3                                                                                                       
 -1  1  0  1     1 -2  1  3                                                                                                       
 -1  0  1  1     2 -1 -1  3                                                                                                       
 -1  0  1  1     1  1 -2  3                                                                                                       
 0  1 -1  1    -1 -1  2  3                                                                                                        
 0  1 -1  1     1 -2  1  3                                                                                                        
 1 -1  0  1    -2  1  1  3                                                                                                        
 1 -1  0  1    -1  2 -1  3                                                                                                        
TENSILE TWIN {10-12}                                                                                                              
  5    6   0   2                       modex,nsmx,isensex,itwtypex                                                                
 0.167                                 twshx                                                                                      
 1  0 -1  2    -1  0  1  1                                                                                                        
 0  1 -1  2     0 -1  1  1                                                                                                        
 -1  1  0  2     1 -1  0  1                                                                                                       
 -1  0  1  2     1  0 -1  1                                                                                                       
 0 -1  1  2     0  1 -1  1                                                                                                        
 1 -1  0  2    -1  1  0  1                                                                                                        
COMPRESSIVE TWIN {11-22}                                                                                                          
  6    6   0   2                       modex,nsmx,isensex,itwtypex                                                                
 0.225                                 twshx                                                                                      
 2 -1 -1  2     2 -1 -1 -3                                                                                                        
 1  1 -2  2     1  1 -2 -3                                                                                                        
 -1  2 -1  2    -1  2 -1 -3                                                                                                       
 -2  1  1  2    -2  1  1 -3                                                                                                       
 -1 -1  2  2    -1 -1  2 -3                                                                                                       
 1 -2  1  2     1 -2  1 -3                                                                                                        
*Constitutive law                                                                                                                 
   0      Voce=0, MTS=1                                                                                                           
   1      iratesens (0:rate insensitive, 1:rate sensitive)                                                                        
   25     grsze --> grain size only matters if HPfactor is non-zero                                                               
 PRISMATIC <a> SLIP -------------------------------------------                                                                   
 20                               nrsx                                                                                            
   20.  0.    0.   0.  0.        tau0x,tau1x,thet0,thet1, hpfac                                                                   
 1.0    1.0             hlatex(1,im),im=1,nmodes                                                                                  
 PYRAMIDAL <c+a> SLIP -------------------------------------------                                                                 
 20                               nrsx                                                                                            
   50.  0.    0.   0.   0.       tau0x,tau1x,thet0,thet1, hpfac                                                                   
 1.0    1.0             hlatex(1,im),im=1,nmodes                                                                                  
**** END OF CRYSTAL DATA FILE ****


 CHECKING THAT CELCC*SELCC-ID6=0   0.2297933E-15
 *********** PHASE   1
 RANDOM PX BULK & POISSON MODULI   95388.889       0.330
 RANDOM PX ELASTIC CTES C11, C12, C44  144073.333   71046.667   36513.333

 INSIDE SUBROUTINE DATA_CRYSTAL
 SHEAR MODULUS FOR MODE  1 IN PHASE  1 IS   35500.000
 N & B FOR MODE  1 IN PHASE  1
     0.866     0.500     0.000       -0.500     0.866     0.000
     0.000    -1.000     0.000        1.000     0.000     0.000
    -0.866     0.500     0.000       -0.500    -0.866     0.000
 SHEAR MODULUS FOR MODE  2 IN PHASE  1 IS   40331.548
 N & B FOR MODE  2 IN PHASE  1
     0.761     0.439     0.477       -0.266    -0.460     0.847
     0.761     0.439     0.477       -0.531     0.000     0.847
     0.000    -0.879     0.477        0.266     0.460     0.847
     0.000    -0.879     0.477       -0.266     0.460     0.847
    -0.761     0.439     0.477        0.531     0.000     0.847
    -0.761     0.439     0.477        0.266    -0.460     0.847
    -0.761    -0.439     0.477        0.531     0.000     0.847
    -0.761    -0.439     0.477        0.266     0.460     0.847
     0.000     0.879     0.477       -0.266    -0.460     0.847
     0.000     0.879     0.477        0.266    -0.460     0.847
     0.761    -0.439     0.477       -0.531     0.000     0.847
     0.761    -0.439     0.477       -0.266     0.460     0.847

 **** CRYST TEXTURE (FIRST FEW LINES) ****
dummy                                                                                                                             
dummy                                                                                                                             
random texture generated by RANDTEXT.FOR (23/01/97)                                                                               
B   500                                                                                                                           
    102.74    119.56     33.65  1.0                                                                                               
    219.06     36.21     70.51  1.0                                                                                               
    166.66     28.59     45.80  1.0                                                                                               
    149.74     86.13     38.68  1.0                                                                                               
    143.88     72.50      9.75  1.0                                                                                               
     27.71      7.88    225.69  1.0                                                                                               
     10.26     81.59    324.82  1.0                                                                                               
    213.21    156.91    352.41  1.0                                                                                               
    313.75     60.06    131.59  1.0                                                                                               
    283.74    137.64    213.65  1.0                                                                                               
    329.59    158.18    298.33  1.0                                                                                               
     61.37    171.68    104.65  1.0                                                                                               
     44.90     68.33     40.28  1.0                                                                                               
     29.40    114.77    163.14  1.0                                                                                               
     56.39    115.89    341.90  1.0                                                                                               
    271.21     76.66    171.67  1.0                                                                                               
    .........................
 **** END OF CRYST TEXTURE DATA FILE ****


*** RUNNING INTERACTION NEFF=   10.00


 UB THERMAL TENSOR (VOIGT NOTATION)
  0.7319E-05  0.7221E-05  0.7313E-05  0.5015E-07  0.8646E-07 -0.5144E-07

 UB ELASTIC STIFFNESS (VOIGT NOTATION)
  0.1442E+06  0.7111E+05  0.7090E+05 -0.7493E+01  0.9177E+02  0.6044E+02
  0.7111E+05  0.1437E+06  0.7120E+05  0.5144E+02  0.3339E+02 -0.1748E+03
  0.7090E+05  0.7120E+05  0.1441E+06  0.7630E+02  0.8168E+02 -0.8421E+01
 -0.7493E+01  0.5144E+02  0.7630E+02  0.3664E+05 -0.4019E+02  0.8691E+02
  0.9177E+02  0.3339E+02  0.8168E+02 -0.4019E+02  0.3641E+05  0.2362E+02
  0.6044E+02 -0.1748E+03 -0.8421E+01  0.8691E+02  0.2362E+02  0.3656E+05

 LB THERMAL TENSOR (VOIGT NOTATION)
  0.7260E-05  0.7185E-05  0.7255E-05  0.3868E-07  0.6654E-07 -0.3950E-07

 LB ELASTIC STIFFNESS (VOIGT NOTATION)
  0.1430E+06  0.7144E+05  0.7127E+05 -0.4984E+00  0.6284E+02  0.6137E+02
  0.7144E+05  0.1426E+06  0.7151E+05  0.3480E+02  0.3877E+02 -0.1402E+03
  0.7127E+05  0.7151E+05  0.1430E+06  0.5650E+02  0.5409E+02 -0.1355E+02
 -0.4984E+00  0.3480E+02  0.5650E+02  0.3589E+05 -0.2674E+02  0.6179E+02
  0.6284E+02  0.3877E+02  0.5409E+02 -0.2674E+02  0.3567E+05  0.1266E+02
  0.6137E+02 -0.1402E+03 -0.1355E+02  0.6179E+02  0.1266E+02  0.3582E+05


CELAVx ELASTIC STIFFNESS (b-basis NOTATION)
  0.7211E+05  0.2910E+03  0.4699E+02 -0.4101E+02 -0.2183E+03 -0.8257E+02
  0.2910E+03  0.7228E+05  0.5409E+02  0.1278E+02  0.4292E+02  0.4203E+02
  0.4699E+02  0.5409E+02  0.7251E+05 -0.6680E+02  0.1485E+03  0.8578E+02
 -0.4101E+02  0.1278E+02 -0.6680E+02  0.7206E+05  0.3615E+02  0.1474E+03
 -0.2183E+03  0.4292E+02  0.1485E+03  0.3615E+02  0.7236E+05 -0.8743E+02
 -0.8257E+02  0.4203E+02  0.8578E+02  0.1474E+03 -0.8743E+02  0.2859E+06
ITER   1   REL ERROR  0.526E-02

CELAVx ELASTIC STIFFNESS (b-basis NOTATION)
  0.7210E+05  0.2909E+03  0.4694E+02 -0.4093E+02 -0.2182E+03 -0.8251E+02
  0.2909E+03  0.7228E+05  0.5404E+02  0.1273E+02  0.4286E+02  0.4201E+02
  0.4694E+02  0.5404E+02  0.7251E+05 -0.6674E+02  0.1484E+03  0.8572E+02
 -0.4093E+02  0.1273E+02 -0.6674E+02  0.7205E+05  0.3610E+02  0.1473E+03
 -0.2182E+03  0.4286E+02  0.1484E+03  0.3610E+02  0.7236E+05 -0.8737E+02
 -0.8251E+02  0.4201E+02  0.8572E+02  0.1473E+03 -0.8737E+02  0.2859E+06
ITER   2   REL ERROR  0.225E-04

CELAVx ELASTIC STIFFNESS (b-basis NOTATION)
  0.7210E+05  0.2909E+03  0.4694E+02 -0.4093E+02 -0.2182E+03 -0.8251E+02
  0.2909E+03  0.7228E+05  0.5404E+02  0.1273E+02  0.4286E+02  0.4201E+02
  0.4694E+02  0.5404E+02  0.7251E+05 -0.6674E+02  0.1484E+03  0.8572E+02
 -0.4093E+02  0.1273E+02 -0.6674E+02  0.7205E+05  0.3610E+02  0.1473E+03
 -0.2182E+03  0.4286E+02  0.1484E+03  0.3610E+02  0.7236E+05 -0.8737E+02
 -0.8251E+02  0.4201E+02  0.8572E+02  0.1473E+03 -0.8737E+02  0.2859E+06
ITER   3   REL ERROR  0.965E-07

*** LOAD CONDITIONS FOR THIS RUN
  100   6   0.02    298.   298.   nsteps  ictrl  eqincr  temp_i  temp_f                                                           
* boundary conditions                                                                                                             
    0       1       1           iudot    |    flag for vel.grad.                                                                  
    1       0       1                    |    (0:unknown-1:known)                                                                 
    1       1       0                    |                                                                                        
                                         |                                                                                        
    0.      1.      0.          udot     |    vel.grad                                                                            
    0.      0.      0.                   |                                                                                        
    0.      0.      0.                |                                                                                           
                                         |                                                                                        
    1       0       0           iscau    |    flag for Cauchy                                                                     
            1       0                    |                                                                                        
                    1                    |                                                                                        
                                         |                                                                                        
    0.      0.      0.          scauchy  |    Cauchy stress                                                                       
            0.      0.                   |                                                                                        
                    0.                   @                                                                                        

*******   STEP   1      *** N_EFF=cte CALCULATION              
    7   0.273E-02   0.694E-02   0.498E-02

CELAVx ELASTIC STIFFNESS (b-basis NOTATION)
  0.7214E+05  0.2851E+03  0.4115E+02 -0.4488E+02 -0.2251E+03 -0.7700E+02
  0.2851E+03  0.7228E+05  0.5015E+02  0.1489E+02  0.4627E+01  0.4178E+02
  0.4115E+02  0.5015E+02  0.7251E+05 -0.5440E+02  0.1463E+03  0.8404E+02
 -0.4488E+02  0.1489E+02 -0.5440E+02  0.7205E+05  0.4185E+02  0.1496E+03
 -0.2251E+03  0.4620E+01  0.1463E+03  0.4185E+02  0.7232E+05 -0.4735E+02
 -0.7700E+02  0.4180E+02  0.8404E+02  0.1496E+03 -0.4734E+02  0.2859E+06
ITER   1   REL ERROR  0.298E-03

CELAVx ELASTIC STIFFNESS (b-basis NOTATION)
  0.7214E+05  0.2851E+03  0.4115E+02 -0.4488E+02 -0.2251E+03 -0.7700E+02
  0.2851E+03  0.7228E+05  0.5015E+02  0.1489E+02  0.4607E+01  0.4179E+02
  0.4115E+02  0.5015E+02  0.7251E+05 -0.5440E+02  0.1463E+03  0.8404E+02
 -0.4488E+02  0.1489E+02 -0.5440E+02  0.7205E+05  0.4185E+02  0.1496E+03
 -0.2251E+03  0.4607E+01  0.1463E+03  0.4185E+02  0.7232E+05 -0.4734E+02
 -0.7700E+02  0.4179E+02  0.8404E+02  0.1496E+03 -0.4734E+02  0.2859E+06
ITER   2   REL ERROR  0.884E-07

*******   STEP   2      *** N_EFF=cte CALCULATION              
    2   0.227E-02   0.429E-02   0.318E-02

CELAVx ELASTIC STIFFNESS (b-basis NOTATION)
  0.7218E+05  0.2805E+03  0.3672E+02 -0.4912E+02 -0.2243E+03 -0.7326E+02
  0.2805E+03  0.7229E+05  0.4630E+02  0.1679E+02 -0.3256E+02  0.4228E+02
  0.3673E+02  0.4630E+02  0.7250E+05 -0.4168E+02  0.1439E+03  0.8243E+02
 -0.4912E+02  0.1679E+02 -0.4168E+02  0.7205E+05  0.4634E+02  0.1518E+03
 -0.2243E+03 -0.3257E+02  0.1439E+03  0.4634E+02  0.7229E+05 -0.7941E+01
 -0.7326E+02  0.4231E+02  0.8244E+02  0.1518E+03 -0.7928E+01  0.2859E+06
ITER   1   REL ERROR  0.284E-03

CELAVx ELASTIC STIFFNESS (b-basis NOTATION)
  0.7218E+05  0.2805E+03  0.3672E+02 -0.4912E+02 -0.2243E+03 -0.7326E+02
  0.2805E+03  0.7229E+05  0.4629E+02  0.1679E+02 -0.3258E+02  0.4229E+02
  0.3672E+02  0.4629E+02  0.7250E+05 -0.4167E+02  0.1439E+03  0.8244E+02
 -0.4912E+02  0.1679E+02 -0.4167E+02  0.7205E+05  0.4634E+02  0.1518E+03
 -0.2243E+03 -0.3258E+02  0.1439E+03  0.4634E+02  0.7229E+05 -0.7933E+01
 -0.7326E+02  0.4229E+02  0.8244E+02  0.1518E+03 -0.7933E+01  0.2859E+06
ITER   2   REL ERROR  0.107E-06

*******   STEP   3      *** N_EFF=cte CALCULATION              
    2   0.200E-02   0.479E-02   0.297E-02

CELAVx ELASTIC STIFFNESS (b-basis NOTATION)
  0.7221E+05  0.2770E+03  0.3369E+02 -0.5322E+02 -0.2172E+03 -0.7114E+02
  0.2770E+03  0.7230E+05  0.4242E+02  0.1841E+02 -0.6990E+02  0.4334E+02
  0.3369E+02  0.4242E+02  0.7249E+05 -0.2914E+02  0.1415E+03  0.8091E+02
 -0.5322E+02  0.1842E+02 -0.2914E+02  0.7205E+05  0.4957E+02  0.1539E+03
 -0.2172E+03 -0.6991E+02  0.1415E+03  0.4957E+02  0.7226E+05  0.3144E+02
 -0.7115E+02  0.4339E+02  0.8091E+02  0.1539E+03  0.3146E+02  0.2859E+06
ITER   1   REL ERROR  0.278E-03

CELAVx ELASTIC STIFFNESS (b-basis NOTATION)
  0.7221E+05  0.2770E+03  0.3369E+02 -0.5322E+02 -0.2172E+03 -0.7114E+02
  0.2770E+03  0.7230E+05  0.4242E+02  0.1842E+02 -0.6992E+02  0.4336E+02
  0.3369E+02  0.4242E+02  0.7249E+05 -0.2913E+02  0.1415E+03  0.8091E+02
 -0.5322E+02  0.1842E+02 -0.2913E+02  0.7205E+05  0.4957E+02  0.1539E+03
 -0.2172E+03 -0.6992E+02  0.1415E+03  0.4957E+02  0.7226E+05  0.3145E+02
 -0.7114E+02  0.4336E+02  0.8091E+02  0.1539E+03  0.3145E+02  0.2859E+06
ITER   2   REL ERROR  0.131E-06

*******   STEP   4      *** N_EFF=cte CALCULATION              
    2   0.221E-02   0.427E-02   0.210E-02

CELAVx ELASTIC STIFFNESS (b-basis NOTATION)
  0.7223E+05  0.2744E+03  0.3214E+02 -0.5669E+02 -0.2039E+03 -0.7057E+02
  0.2744E+03  0.7231E+05  0.3854E+02  0.1980E+02 -0.1074E+03  0.4501E+02
  0.3214E+02  0.3854E+02  0.7248E+05 -0.1682E+02  0.1396E+03  0.7949E+02
 -0.5669E+02  0.1980E+02 -0.1682E+02  0.7204E+05  0.5143E+02  0.1557E+03
 -0.2039E+03 -0.1074E+03  0.1396E+03  0.5143E+02  0.7224E+05  0.7077E+02
 -0.7058E+02  0.4507E+02  0.7949E+02  0.1557E+03  0.7079E+02  0.2859E+06
ITER   1   REL ERROR  0.276E-03

CELAVx ELASTIC STIFFNESS (b-basis NOTATION)
  0.7223E+05  0.2744E+03  0.3214E+02 -0.5669E+02 -0.2039E+03 -0.7057E+02
  0.2744E+03  0.7231E+05  0.3854E+02  0.1980E+02 -0.1074E+03  0.4504E+02
  0.3214E+02  0.3854E+02  0.7248E+05 -0.1681E+02  0.1396E+03  0.7949E+02
 -0.5669E+02  0.1980E+02 -0.1681E+02  0.7204E+05  0.5143E+02  0.1557E+03
 -0.2039E+03 -0.1074E+03  0.1396E+03  0.5143E+02  0.7224E+05  0.7077E+02
 -0.7057E+02  0.4504E+02  0.7949E+02  0.1557E+03  0.7077E+02  0.2859E+06
ITER   2   REL ERROR  0.158E-06

*******   STEP   5      *** N_EFF=cte CALCULATION              
    2   0.224E-02   0.670E-02   0.205E-02

CELAVx ELASTIC STIFFNESS (b-basis NOTATION)
  0.7225E+05  0.2729E+03  0.3203E+02 -0.5897E+02 -0.1854E+03 -0.7155E+02
  0.2729E+03  0.7233E+05  0.3465E+02  0.2102E+02 -0.1446E+03  0.4730E+02
  0.3203E+02  0.3465E+02  0.7247E+05 -0.4721E+01  0.1386E+03  0.7818E+02
 -0.5898E+02  0.2102E+02 -0.4721E+01  0.7203E+05  0.5203E+02  0.1571E+03
 -0.1854E+03 -0.1446E+03  0.1386E+03  0.5203E+02  0.7222E+05  0.1097E+03
 -0.7156E+02  0.4737E+02  0.7818E+02  0.1571E+03  0.1097E+03  0.2859E+06
ITER   1   REL ERROR  0.274E-03

CELAVx ELASTIC STIFFNESS (b-basis NOTATION)
  0.7225E+05  0.2729E+03  0.3203E+02 -0.5897E+02 -0.1854E+03 -0.7155E+02
  0.2729E+03  0.7233E+05  0.3465E+02  0.2102E+02 -0.1447E+03  0.4733E+02
  0.3203E+02  0.3465E+02  0.7247E+05 -0.4714E+01  0.1386E+03  0.7818E+02
 -0.5897E+02  0.2102E+02 -0.4714E+01  0.7203E+05  0.5203E+02  0.1571E+03
 -0.1854E+03 -0.1447E+03  0.1386E+03  0.5203E+02  0.7222E+05  0.1097E+03
 -0.7155E+02  0.4733E+02  0.7818E+02  0.1571E+03  0.1097E+03  0.2859E+06
ITER   2   REL ERROR  0.185E-06

*******   STEP   6      *** N_EFF=cte CALCULATION              
    2   0.248E-02   0.746E-02   0.238E-02

CELAVx ELASTIC STIFFNESS (b-basis NOTATION)
  0.7226E+05  0.2727E+03  0.3306E+02 -0.5971E+02 -0.1627E+03 -0.7408E+02
  0.2726E+03  0.7236E+05  0.3062E+02  0.2211E+02 -0.1815E+03  0.5022E+02
  0.3306E+02  0.3062E+02  0.7245E+05  0.7132E+01  0.1388E+03  0.7703E+02
 -0.5971E+02  0.2212E+02  0.7131E+01  0.7203E+05  0.5177E+02  0.1583E+03
 -0.1627E+03 -0.1815E+03  0.1388E+03  0.5177E+02  0.7221E+05  0.1481E+03
 -0.7410E+02  0.5031E+02  0.7703E+02  0.1583E+03  0.1481E+03  0.2859E+06
ITER   1   REL ERROR  0.276E-03

CELAVx ELASTIC STIFFNESS (b-basis NOTATION)
  0.7226E+05  0.2727E+03  0.3306E+02 -0.5971E+02 -0.1627E+03 -0.7408E+02
  0.2727E+03  0.7236E+05  0.3062E+02  0.2211E+02 -0.1816E+03  0.5026E+02
  0.3306E+02  0.3062E+02  0.7245E+05  0.7138E+01  0.1388E+03  0.7703E+02
 -0.5971E+02  0.2211E+02  0.7138E+01  0.7203E+05  0.5177E+02  0.1583E+03
 -0.1627E+03 -0.1816E+03  0.1388E+03  0.5177E+02  0.7221E+05  0.1481E+03
 -0.7408E+02  0.5026E+02  0.7703E+02  0.1583E+03  0.1481E+03  0.2859E+06
ITER   2   REL ERROR  0.215E-06

*******   STEP   7      *** N_EFF=cte CALCULATION              
    2   0.258E-02   0.540E-02   0.201E-02

CELAVx ELASTIC STIFFNESS (b-basis NOTATION)
  0.7227E+05  0.2738E+03  0.3487E+02 -0.5873E+02 -0.1369E+03 -0.7813E+02
  0.2738E+03  0.7238E+05  0.2637E+02  0.2304E+02 -0.2182E+03  0.5382E+02
  0.3487E+02  0.2637E+02  0.7244E+05  0.1874E+02  0.1404E+03  0.7606E+02
 -0.5874E+02  0.2304E+02  0.1874E+02  0.7202E+05  0.5110E+02  0.1592E+03
 -0.1369E+03 -0.2182E+03  0.1404E+03  0.5110E+02  0.7221E+05  0.1861E+03
 -0.7817E+02  0.5392E+02  0.7606E+02  0.1592E+03  0.1861E+03  0.2859E+06
ITER   1   REL ERROR  0.281E-03

CELAVx ELASTIC STIFFNESS (b-basis NOTATION)
  0.7227E+05  0.2738E+03  0.3487E+02 -0.5874E+02 -0.1369E+03 -0.7814E+02
  0.2738E+03  0.7238E+05  0.2637E+02  0.2304E+02 -0.2182E+03  0.5387E+02
  0.3487E+02  0.2637E+02  0.7244E+05  0.1875E+02  0.1404E+03  0.7606E+02
 -0.5874E+02  0.2304E+02  0.1875E+02  0.7202E+05  0.5111E+02  0.1592E+03
 -0.1369E+03 -0.2182E+03  0.1404E+03  0.5111E+02  0.7221E+05  0.1861E+03
 -0.7814E+02  0.5387E+02  0.7606E+02  0.1592E+03  0.1861E+03  0.2859E+06
ITER   2   REL ERROR  0.250E-06

*******   STEP   8      *** N_EFF=cte CALCULATION              
    2   0.258E-02   0.762E-02   0.262E-02

CELAVx ELASTIC STIFFNESS (b-basis NOTATION)
  0.7227E+05  0.2766E+03  0.3700E+02 -0.5604E+02 -0.1084E+03 -0.8365E+02
  0.2766E+03  0.7242E+05  0.2185E+02  0.2374E+02 -0.2545E+03  0.5812E+02
  0.3700E+02  0.2186E+02  0.7242E+05  0.3005E+02  0.1435E+03  0.7524E+02
 -0.5604E+02  0.2374E+02  0.3005E+02  0.7201E+05  0.5046E+02  0.1598E+03
 -0.1084E+03 -0.2545E+03  0.1435E+03  0.5047E+02  0.7222E+05  0.2235E+03
 -0.8370E+02  0.5823E+02  0.7524E+02  0.1598E+03  0.2235E+03  0.2859E+06
ITER   1   REL ERROR  0.289E-03

CELAVx ELASTIC STIFFNESS (b-basis NOTATION)
  0.7227E+05  0.2766E+03  0.3700E+02 -0.5604E+02 -0.1084E+03 -0.8366E+02
  0.2766E+03  0.7242E+05  0.2186E+02  0.2374E+02 -0.2545E+03  0.5817E+02
  0.3700E+02  0.2186E+02  0.7242E+05  0.3005E+02  0.1435E+03  0.7524E+02
 -0.5604E+02  0.2374E+02  0.3005E+02  0.7201E+05  0.5047E+02  0.1598E+03
 -0.1084E+03 -0.2545E+03  0.1435E+03  0.5047E+02  0.7222E+05  0.2235E+03
 -0.8366E+02  0.5817E+02  0.7524E+02  0.1598E+03  0.2235E+03  0.2859E+06
ITER   2   REL ERROR  0.289E-06

*******   STEP   9      *** N_EFF=cte CALCULATION              
    4   0.881E-03   0.634E-02   0.161E-02

CELAVx ELASTIC STIFFNESS (b-basis NOTATION)
  0.7227E+05  0.2810E+03  0.3890E+02 -0.5184E+02 -0.7748E+02 -0.9048E+02
  0.2809E+03  0.7245E+05  0.1698E+02  0.2424E+02 -0.2902E+03  0.6312E+02
  0.3890E+02  0.1699E+02  0.7240E+05  0.4103E+02  0.1481E+03  0.7442E+02
 -0.5184E+02  0.2425E+02  0.4103E+02  0.7200E+05  0.5026E+02  0.1603E+03
 -0.7749E+02 -0.2901E+03  0.1481E+03  0.5026E+02  0.7223E+05  0.2601E+03
 -0.9054E+02  0.6325E+02  0.7441E+02  0.1603E+03  0.2601E+03  0.2859E+06
ITER   1   REL ERROR  0.300E-03

CELAVx ELASTIC STIFFNESS (b-basis NOTATION)
  0.7227E+05  0.2810E+03  0.3890E+02 -0.5184E+02 -0.7749E+02 -0.9049E+02
  0.2810E+03  0.7245E+05  0.1699E+02  0.2424E+02 -0.2902E+03  0.6318E+02
  0.3890E+02  0.1699E+02  0.7240E+05  0.4103E+02  0.1481E+03  0.7442E+02
 -0.5184E+02  0.2424E+02  0.4103E+02  0.7200E+05  0.5026E+02  0.1603E+03
 -0.7749E+02 -0.2902E+03  0.1481E+03  0.5026E+02  0.7223E+05  0.2601E+03
 -0.9049E+02  0.6318E+02  0.7442E+02  0.1603E+03  0.2601E+03  0.2859E+06
ITER   2   REL ERROR  0.334E-06

*******   STEP  10      *** N_EFF=cte CALCULATION              
    2   0.295E-02   0.763E-02   0.333E-02

CELAVx ELASTIC STIFFNESS (b-basis NOTATION)
  0.7225E+05  0.2869E+03  0.4023E+02 -0.4642E+02 -0.4491E+02 -0.9845E+02
  0.2869E+03  0.7249E+05  0.1178E+02  0.2450E+02 -0.3252E+03  0.6879E+02
  0.4023E+02  0.1179E+02  0.7237E+05  0.5174E+02  0.1540E+03  0.7366E+02
 -0.4642E+02  0.2451E+02  0.5174E+02  0.7199E+05  0.5090E+02  0.1607E+03
 -0.4493E+02 -0.3252E+03  0.1540E+03  0.5091E+02  0.7225E+05  0.2960E+03
 -0.9851E+02  0.6892E+02  0.7365E+02  0.1607E+03  0.2960E+03  0.2859E+06
ITER   1   REL ERROR  0.311E-03

CELAVx ELASTIC STIFFNESS (b-basis NOTATION)
  0.7225E+05  0.2869E+03  0.4023E+02 -0.4642E+02 -0.4493E+02 -0.9845E+02
  0.2869E+03  0.7249E+05  0.1179E+02  0.2450E+02 -0.3252E+03  0.6884E+02
  0.4023E+02  0.1179E+02  0.7237E+05  0.5174E+02  0.1540E+03  0.7366E+02
 -0.4642E+02  0.2450E+02  0.5174E+02  0.7199E+05  0.5091E+02  0.1607E+03
 -0.4493E+02 -0.3252E+03  0.1540E+03  0.5091E+02  0.7225E+05  0.2960E+03
 -0.9845E+02  0.6884E+02  0.7366E+02  0.1607E+03  0.2960E+03  0.2859E+06
ITER   2   REL ERROR  0.382E-06

*******   STEP  11      *** N_EFF=cte CALCULATION              
    2   0.177E-02   0.926E-02   0.204E-02

CELAVx ELASTIC STIFFNESS (b-basis NOTATION)
  0.7223E+05  0.2944E+03  0.4065E+02 -0.4020E+02 -0.1036E+02 -0.1075E+03
  0.2943E+03  0.7253E+05  0.6365E+01  0.2461E+02 -0.3599E+03  0.7500E+02
  0.4065E+02  0.6380E+01  0.7235E+05  0.6229E+02  0.1607E+03  0.7291E+02
 -0.4021E+02  0.2461E+02  0.6229E+02  0.7197E+05  0.5259E+02  0.1611E+03
 -0.1038E+02 -0.3599E+03  0.1607E+03  0.5260E+02  0.7227E+05  0.3315E+03
 -0.1075E+03  0.7514E+02  0.7290E+02  0.1611E+03  0.3314E+03  0.2859E+06
ITER   1   REL ERROR  0.327E-03

CELAVx ELASTIC STIFFNESS (b-basis NOTATION)
  0.7223E+05  0.2944E+03  0.4065E+02 -0.4021E+02 -0.1038E+02 -0.1075E+03
  0.2944E+03  0.7253E+05  0.6379E+01  0.2461E+02 -0.3599E+03  0.7506E+02
  0.4065E+02  0.6379E+01  0.7235E+05  0.6229E+02  0.1607E+03  0.7292E+02
 -0.4021E+02  0.2461E+02  0.6229E+02  0.7197E+05  0.5260E+02  0.1611E+03
 -0.1038E+02 -0.3599E+03  0.1607E+03  0.5260E+02  0.7227E+05  0.3315E+03
 -0.1075E+03  0.7506E+02  0.7292E+02  0.1611E+03  0.3315E+03  0.2859E+06
ITER   2   REL ERROR  0.439E-06

*******   STEP  12      *** N_EFF=cte CALCULATION              
    2   0.120E-02   0.724E-02   0.130E-02

CELAVx ELASTIC STIFFNESS (b-basis NOTATION)
  0.7221E+05  0.3034E+03  0.3997E+02 -0.3353E+02  0.2599E+02 -0.1173E+03
  0.3033E+03  0.7257E+05  0.8208E+00  0.2453E+02 -0.3945E+03  0.8176E+02
  0.3996E+02  0.8378E+00  0.7233E+05  0.7251E+02  0.1681E+03  0.7214E+02
 -0.3354E+02  0.2454E+02  0.7251E+02  0.7196E+05  0.5543E+02  0.1615E+03
  0.2596E+02 -0.3944E+03  0.1681E+03  0.5544E+02  0.7230E+05  0.3665E+03
 -0.1174E+03  0.8191E+02  0.7212E+02  0.1615E+03  0.3664E+03  0.2859E+06
ITER   1   REL ERROR  0.344E-03

CELAVx ELASTIC STIFFNESS (b-basis NOTATION)
  0.7221E+05  0.3034E+03  0.3997E+02 -0.3354E+02  0.2596E+02 -0.1174E+03
  0.3034E+03  0.7257E+05  0.8377E+00  0.2453E+02 -0.3944E+03  0.8182E+02
  0.3997E+02  0.8377E+00  0.7233E+05  0.7251E+02  0.1681E+03  0.7214E+02
 -0.3354E+02  0.2453E+02  0.7251E+02  0.7196E+05  0.5544E+02  0.1615E+03
  0.2596E+02 -0.3944E+03  0.1681E+03  0.5544E+02  0.7230E+05  0.3665E+03
 -0.1174E+03  0.8182E+02  0.7214E+02  0.1615E+03  0.3665E+03  0.2859E+06
ITER   2   REL ERROR  0.502E-06

*******   STEP  13      *** N_EFF=cte CALCULATION              
    2   0.174E-02   0.844E-02   0.263E-02

CELAVx ELASTIC STIFFNESS (b-basis NOTATION)
  0.7218E+05  0.3139E+03  0.3803E+02 -0.2677E+02  0.6410E+02 -0.1280E+03
  0.3138E+03  0.7262E+05 -0.4693E+01  0.2430E+02 -0.4287E+03  0.8900E+02
  0.3802E+02 -0.4674E+01  0.7230E+05  0.8250E+02  0.1756E+03  0.7133E+02
 -0.2678E+02  0.2432E+02  0.8250E+02  0.7194E+05  0.5947E+02  0.1620E+03
  0.6406E+02 -0.4287E+03  0.1756E+03  0.5948E+02  0.7234E+05  0.4011E+03
 -0.1281E+03  0.8916E+02  0.7131E+02  0.1620E+03  0.4010E+03  0.2859E+06
ITER   1   REL ERROR  0.362E-03

CELAVx ELASTIC STIFFNESS (b-basis NOTATION)
  0.7218E+05  0.3139E+03  0.3803E+02 -0.2678E+02  0.6407E+02 -0.1280E+03
  0.3139E+03  0.7262E+05 -0.4674E+01  0.2431E+02 -0.4287E+03  0.8906E+02
  0.3803E+02 -0.4674E+01  0.7230E+05  0.8249E+02  0.1756E+03  0.7133E+02
 -0.2678E+02  0.2431E+02  0.8249E+02  0.7194E+05  0.5947E+02  0.1620E+03
  0.6407E+02 -0.4287E+03  0.1756E+03  0.5947E+02  0.7234E+05  0.4011E+03
 -0.1280E+03  0.8906E+02  0.7133E+02  0.1620E+03  0.4011E+03  0.2859E+06
ITER   2   REL ERROR  0.570E-06

*******   STEP  14      *** N_EFF=cte CALCULATION              
    3   0.130E-02   0.895E-02   0.208E-02

CELAVx ELASTIC STIFFNESS (b-basis NOTATION)
  0.7214E+05  0.3259E+03  0.3478E+02 -0.2022E+02  0.1043E+03 -0.1392E+03
  0.3258E+03  0.7267E+05 -0.1003E+02  0.2395E+02 -0.4630E+03  0.9667E+02
  0.3477E+02 -0.1001E+02  0.7228E+05  0.9248E+02  0.1830E+03  0.7048E+02
 -0.2023E+02  0.2397E+02  0.9247E+02  0.7192E+05  0.6466E+02  0.1624E+03
  0.1043E+03 -0.4629E+03  0.1830E+03  0.6467E+02  0.7239E+05  0.4357E+03
 -0.1393E+03  0.9684E+02  0.7046E+02  0.1624E+03  0.4356E+03  0.2859E+06
ITER   1   REL ERROR  0.383E-03

