   STRAIN    AVACS    MODE1    MODE2    MODE3
   0.0000   4.0420   0.3281   0.6691   0.0028
   0.0300   4.0361   0.3207   0.6761   0.0032
   0.0600   4.0418   0.3139   0.6825   0.0036
   0.0900   4.0447   0.3062   0.6898   0.0039
   0.1200   4.0662   0.2996   0.6960   0.0044
   0.1500   4.0637   0.2923   0.7028   0.0048
   0.1800   4.0580   0.2856   0.7091   0.0054
   0.2100   4.0601   0.2789   0.7152   0.0059
   0.2400   4.0657   0.2719   0.7217   0.0065
   0.2700   4.0826   0.2650   0.7280   0.0071
   0.3000   4.0777   0.2582   0.7341   0.0077
   0.3300   4.0726   0.2515   0.7402   0.0083
   0.3600   4.0808   0.2453   0.7457   0.0091
   0.3900   4.0867   0.2387   0.7515   0.0097
   0.4200   4.1019   0.2320   0.7577   0.0103
   0.4500   4.1146   0.2258   0.7633   0.0109
   0.4800   4.1254   0.2197   0.7687   0.0115
   0.5100   4.1320   0.2139   0.7740   0.0122
   0.5400   4.1325   0.2082   0.7791   0.0127
   0.5700   4.1381   0.2025   0.7843   0.0133
   0.6000   4.1553   0.1970   0.7893   0.0138
   0.6300   4.1697   0.1916   0.7942   0.0142
   0.6600   4.1659   0.1864   0.7990   0.0147
   0.6900   4.1687   0.1813   0.8036   0.0151
   0.7200   4.1693   0.1764   0.8080   0.0155
   0.7500   4.1661   0.1717   0.8124   0.0159
   0.7800   4.1598   0.1670   0.8167   0.0163
   0.8100   4.1620   0.1625   0.8208   0.0167
   0.8400   4.1559   0.1581   0.8249   0.0170
   0.8700   4.1541   0.1538   0.8288   0.0174
   0.9000   4.1426   0.1496   0.8326   0.0178
   0.9300   4.1352   0.1455   0.8364   0.0181
   0.9600   4.1117   0.1405   0.8432   0.0163
   0.9900   4.1116   0.1365   0.8478   0.0158
   1.0200   4.1002   0.1326   0.8520   0.0154
   1.0500   4.0864   0.1289   0.8561   0.0150
   1.0800   4.0751   0.1253   0.8601   0.0146
   1.1100   4.0674   0.1218   0.8640   0.0142
   1.1400   4.0571   0.1184   0.8677   0.0139
   1.1700   4.0473   0.1153   0.8712   0.0136
   1.2000   4.0371   0.1122   0.8744   0.0134
   1.2300   4.0354   0.1094   0.8775   0.0132
   1.2600   4.0249   0.1066   0.8803   0.0131
   1.2900   4.0198   0.1040   0.8831   0.0130
   1.3200   4.0055   0.1015   0.8856   0.0130
   1.3500   3.9872   0.0991   0.8879   0.0130
   1.3800   3.9818   0.0968   0.8900   0.0131
   1.4100   3.9744   0.0947   0.8920   0.0133
   1.4400   3.9484   0.0913   0.8969   0.0118
   1.4700   3.9250   0.0889   0.9000   0.0111
   1.5000   3.9059   0.0866   0.9030   0.0104
