   STRAIN    AVACS    MODE1    MODE2    MODE3
   0.0000   3.0965   0.1010   0.8988   0.0002
   0.0300   3.0592   0.0942   0.9056   0.0002
   0.0600   3.0208   0.0878   0.9120   0.0002
   0.0900   2.9828   0.0823   0.9175   0.0002
   0.1200   2.9448   0.0773   0.9225   0.0002
   0.1500   2.9137   0.0731   0.9266   0.0003
   0.1800   2.8996   0.0696   0.9301   0.0003
   0.2100   2.8765   0.0668   0.9329   0.0003
   0.2400   2.8649   0.0645   0.9352   0.0003
   0.2700   2.8640   0.0628   0.9369   0.0004
   0.3000   2.8552   0.0615   0.9380   0.0004
   0.3300   2.8612   0.0608   0.9388   0.0005
   0.3600   2.8691   0.0604   0.9391   0.0006
   0.3900   2.8717   0.0604   0.9390   0.0007
   0.4200   2.8858   0.0607   0.9385   0.0008
   0.4500   2.9079   0.0615   0.9376   0.0010
   0.4800   2.9340   0.0625   0.9363   0.0012
   0.5100   2.9684   0.0638   0.9348   0.0015
   0.5400   3.0065   0.0651   0.9331   0.0018
   0.5700   3.0232   0.0665   0.9313   0.0022
   0.6000   3.0395   0.0678   0.9294   0.0028
   0.6300   3.0603   0.0691   0.9273   0.0036
   0.6600   3.0856   0.0702   0.9253   0.0045
   0.6900   3.1089   0.0712   0.9231   0.0057
   0.7200   3.1356   0.0717   0.9211   0.0072
   0.7500   3.1610   0.0717   0.9192   0.0091
   0.7800   3.1541   0.0713   0.9173   0.0114
   0.8100   3.1620   0.0704   0.9154   0.0141
   0.8400   3.1772   0.0691   0.9135   0.0174
   0.8700   3.1788   0.0672   0.9116   0.0212
   0.9000   3.1783   0.0649   0.9096   0.0255
   0.9300   3.1802   0.0622   0.9075   0.0303
   0.9600   3.1771   0.0602   0.9042   0.0356
   0.9900   3.1852   0.0571   0.9032   0.0397
   1.0200   3.1950   0.0539   0.9024   0.0437
   1.0500   3.1974   0.0509   0.9007   0.0484
   1.0800   3.2215   0.0479   0.8991   0.0531
   1.1100   3.2544   0.0450   0.8972   0.0578
   1.1400   3.2767   0.0422   0.8952   0.0626
   1.1700   3.2770   0.0396   0.8929   0.0675
   1.2000   3.3073   0.0372   0.8906   0.0722
   1.2300   3.3395   0.0350   0.8881   0.0769
   1.2600   3.3476   0.0329   0.8857   0.0814
   1.2900   3.3883   0.0310   0.8833   0.0857
   1.3200   3.4140   0.0294   0.8809   0.0897
   1.3500   3.4415   0.0279   0.8788   0.0933
   1.3800   3.4553   0.0265   0.8769   0.0966
   1.4100   3.4829   0.0253   0.8755   0.0992
   1.4400   2.7179   0.0281   0.9256   0.0463
   1.4700   2.6924   0.0272   0.9288   0.0440
   1.5000   2.6666   0.0264   0.9319   0.0417
