   STRAIN    AVACS    MODE1    MODE2    MODE3
   0.0000   3.7545   0.2312   0.7679   0.0008
   0.0300   3.7202   0.2210   0.7781   0.0009
   0.0600   3.7205   0.2123   0.7867   0.0009
   0.0900   3.6665   0.2039   0.7951   0.0010
   0.1200   3.6521   0.1957   0.8032   0.0011
   0.1500   3.6479   0.1877   0.8111   0.0012
   0.1800   3.6318   0.1800   0.8188   0.0012
   0.2100   3.5905   0.1724   0.8263   0.0013
   0.2400   3.5879   0.1650   0.8336   0.0014
   0.2700   3.5764   0.1578   0.8406   0.0015
   0.3000   3.5617   0.1509   0.8475   0.0016
   0.3300   3.5532   0.1442   0.8541   0.0017
   0.3600   3.5566   0.1375   0.8607   0.0018
   0.3900   3.5401   0.1313   0.8668   0.0019
   0.4200   3.5214   0.1254   0.8726   0.0020
   0.4500   3.5015   0.1198   0.8781   0.0021
   0.4800   3.4853   0.1144   0.8835   0.0022
   0.5100   3.4862   0.1092   0.8885   0.0023
   0.5400   3.4709   0.1043   0.8934   0.0024
   0.5700   3.4329   0.0996   0.8979   0.0025
   0.6000   3.4026   0.0950   0.9024   0.0026
   0.6300   3.3750   0.0908   0.9066   0.0027
   0.6600   3.3658   0.0868   0.9104   0.0028
   0.6900   3.3350   0.0829   0.9142   0.0029
   0.7200   3.3219   0.0793   0.9178   0.0030
   0.7500   3.2895   0.0757   0.9212   0.0031
   0.7800   3.2799   0.0720   0.9248   0.0031
   0.8100   3.2584   0.0682   0.9285   0.0032
   0.8400   3.2403   0.0652   0.9314   0.0034
   0.8700   3.2077   0.0630   0.9334   0.0035
   0.9000   3.1780   0.0605   0.9358   0.0037
   0.9300   3.1336   0.0577   0.9385   0.0038
   0.9600   3.1009   0.0556   0.9409   0.0035
   0.9900   3.0766   0.0533   0.9432   0.0035
   1.0200   3.0632   0.0512   0.9453   0.0035
   1.0500   3.0452   0.0491   0.9474   0.0035
   1.0800   3.0004   0.0471   0.9494   0.0035
   1.1100   2.9632   0.0452   0.9514   0.0035
   1.1400   2.9476   0.0431   0.9534   0.0035
   1.1700   2.9208   0.0311   0.9663   0.0026
   1.2000   2.8589   0.0392   0.9574   0.0035
   1.2300   2.8798   0.0266   0.9710   0.0024
   1.2600   2.7963   0.0372   0.9593   0.0036
   1.2900   2.7642   0.0356   0.9608   0.0036
   1.3200   2.7618   0.0351   0.9611   0.0037
   1.3500   2.6713   0.0314   0.9651   0.0035
   1.3800   2.7509   0.0281   0.9686   0.0033
   1.4100   2.6851   0.0328   0.9632   0.0040
   1.4400   2.6695   0.0338   0.9627   0.0035
   1.4700   2.6559   0.0325   0.9642   0.0033
   1.5000   2.6308   0.0335   0.9632   0.0033
