   STRAIN    AVACS    MODE1    MODE2    MODE3
   0.0000   3.1148   0.1014   0.8984   0.0002
   0.1070   2.9887   0.0835   0.9163   0.0002
   0.2112   2.9053   0.0741   0.9255   0.0003
   0.2954   2.9324   0.0707   0.9288   0.0005
   0.3577   2.9335   0.0695   0.9298   0.0007
   0.4042   2.9462   0.0692   0.9299   0.0009
   0.4402   2.9606   0.0695   0.9295   0.0011
   0.4688   2.9730   0.0699   0.9288   0.0013
   0.4924   2.9947   0.0703   0.9281   0.0015
   0.5122   3.0128   0.0708   0.9275   0.0017
   0.5292   3.0244   0.0712   0.9269   0.0019
   0.5440   3.0254   0.0715   0.9263   0.0021
   0.5571   3.0346   0.0718   0.9258   0.0023
   0.5689   3.0468   0.0721   0.9254   0.0025
   0.5796   3.0606   0.0722   0.9250   0.0027
   0.5894   3.0640   0.0724   0.9246   0.0029
   0.5983   3.0741   0.0725   0.9243   0.0031
   0.6066   3.0888   0.0726   0.9240   0.0033
   0.6143   3.1012   0.0727   0.9238   0.0035
   0.6215   3.1100   0.0728   0.9235   0.0037
   0.6282   3.1094   0.0729   0.9232   0.0039
   0.6346   3.1061   0.0729   0.9230   0.0041
   0.6406   3.1153   0.0730   0.9228   0.0042
   0.6463   3.1131   0.0730   0.9226   0.0044
   0.6517   3.1184   0.0730   0.9224   0.0046
   0.6568   3.1169   0.0730   0.9222   0.0048
   0.6617   3.1254   0.0730   0.9221   0.0049
   0.6664   3.1341   0.0730   0.9219   0.0051
   0.6709   3.1359   0.0729   0.9218   0.0053
   0.6752   3.1405   0.0729   0.9216   0.0054
   0.6794   3.1423   0.0729   0.9215   0.0056
   0.6834   3.1464   0.0728   0.9214   0.0058
   0.6872   3.1442   0.0728   0.9212   0.0059
   0.6909   3.1539   0.0728   0.9211   0.0061
   0.6945   3.1534   0.0728   0.9210   0.0063
   0.6980   3.1540   0.0727   0.9208   0.0064
   0.7014   3.1559   0.0727   0.9207   0.0066
   0.7046   3.1600   0.0727   0.9206   0.0067
   0.7078   3.1555   0.0726   0.9205   0.0069
   0.7108   3.1650   0.0726   0.9203   0.0070
   0.7138   3.1687   0.0726   0.9202   0.0072
   0.7167   3.1720   0.0725   0.9201   0.0074
   0.7195   3.1772   0.0725   0.9200   0.0075
   0.7223   3.1772   0.0725   0.9199   0.0077
   0.7250   3.1787   0.0725   0.9197   0.0078
   0.7276   3.1745   0.0724   0.9196   0.0080
   0.7301   3.1719   0.0724   0.9195   0.0081
   0.7326   3.1743   0.0723   0.9194   0.0082
   0.7350   3.1793   0.0723   0.9193   0.0084
   0.7374   3.1788   0.0723   0.9192   0.0085
   0.7397   3.1827   0.0722   0.9191   0.0087
   0.7420   3.1808   0.0722   0.9190   0.0088
   0.7442   3.1795   0.0722   0.9189   0.0090
   0.7464   3.1791   0.0721   0.9188   0.0091
   0.7485   3.1802   0.0721   0.9186   0.0092
   0.7506   3.1776   0.0721   0.9185   0.0094
   0.7527   3.1772   0.0721   0.9184   0.0095
   0.7547   3.1775   0.0720   0.9183   0.0096
   0.7566   3.1807   0.0720   0.9183   0.0098
   0.7586   3.1850   0.0719   0.9182   0.0099
   0.7605   3.1887   0.0719   0.9181   0.0100
   0.7624   3.1916   0.0719   0.9180   0.0102
   0.7642   3.1886   0.0718   0.9179   0.0103
   0.7660   3.1832   0.0718   0.9178   0.0104
   0.7678   3.1834   0.0718   0.9177   0.0106
   0.7695   3.1861   0.0717   0.9176   0.0107
   0.7712   3.1893   0.0717   0.9175   0.0108
   0.7729   3.1889   0.0716   0.9174   0.0109
   0.7746   3.1893   0.0716   0.9173   0.0111
   0.7762   3.1952   0.0716   0.9172   0.0112
   0.7778   3.1984   0.0715   0.9172   0.0113
   0.7794   3.1977   0.0715   0.9171   0.0114
   0.7810   3.1978   0.0715   0.9170   0.0115
   0.7825   3.1927   0.0714   0.9169   0.0117
   0.7840   3.1928   0.0714   0.9169   0.0118
   0.7855   3.1936   0.0713   0.9168   0.0119
   0.7870   3.1915   0.0713   0.9167   0.0120
   0.7884   3.1916   0.0713   0.9166   0.0121
   0.7899   3.1949   0.0712   0.9166   0.0122
   0.7913   3.1921   0.0711   0.9165   0.0123
   0.7927   3.1918   0.0711   0.9164   0.0125
   0.7941   3.1887   0.0711   0.9163   0.0126
   0.7954   3.1934   0.0710   0.9163   0.0127
   0.7968   3.1923   0.0710   0.9162   0.0128
   0.7981   3.1913   0.0709   0.9162   0.0129
   0.7994   3.1900   0.0709   0.9161   0.0130
   0.8007   3.1925   0.0708   0.9160   0.0131
   0.8020   3.1937   0.0708   0.9160   0.0132
   0.8033   3.1944   0.0707   0.9160   0.0133
   0.8045   3.1898   0.0707   0.9159   0.0134
   0.8058   3.1900   0.0706   0.9158   0.0135
   0.8070   3.1913   0.0706   0.9158   0.0136
   0.8082   3.1912   0.0705   0.9158   0.0137
   0.8094   3.1888   0.0705   0.9157   0.0138
   0.8106   3.1888   0.0704   0.9156   0.0139
   0.8118   3.1886   0.0703   0.9156   0.0140
   0.8129   3.1907   0.0703   0.9155   0.0141
   0.8141   3.1951   0.0703   0.9155   0.0142
   0.8152   3.2036   0.0702   0.9154   0.0144
   0.8164   3.2037   0.0702   0.9153   0.0145
   0.8175   3.2011   0.0702   0.9153   0.0146
   0.8186   3.2023   0.0702   0.9152   0.0147
   0.8197   3.2014   0.0701   0.9151   0.0148
   0.8207   3.2036   0.0701   0.9150   0.0149
   0.8218   3.2020   0.0701   0.9149   0.0150
   0.8229   3.1992   0.0701   0.9148   0.0151
   0.8239   3.1972   0.0701   0.9147   0.0152
   0.8249   3.1975   0.0700   0.9147   0.0153
   0.8260   3.1978   0.0700   0.9146   0.0154
   0.8270   3.1957   0.0699   0.9145   0.0155
   0.8280   3.1925   0.0699   0.9145   0.0156
   0.8290   3.1925   0.0698   0.9145   0.0157
   0.8300   3.1948   0.0698   0.9144   0.0158
   0.8309   3.1906   0.0697   0.9144   0.0159
   0.8319   3.1933   0.0697   0.9143   0.0160
   0.8329   3.1982   0.0696   0.9143   0.0161
   0.8338   3.1995   0.0696   0.9143   0.0162
   0.8348   3.2022   0.0695   0.9142   0.0163
   0.8357   3.2047   0.0695   0.9142   0.0164
   0.8367   3.2066   0.0694   0.9141   0.0164
   0.8376   3.2120   0.0694   0.9141   0.0165
   0.8385   3.2136   0.0694   0.9140   0.0166
   0.8394   3.2149   0.0693   0.9140   0.0167
   0.8403   3.2112   0.0692   0.9140   0.0168
   0.8412   3.2112   0.0692   0.9140   0.0169
   0.8421   3.2111   0.0691   0.9140   0.0169
   0.8430   3.2081   0.0691   0.9139   0.0170
   0.8438   3.2084   0.0690   0.9139   0.0171
   0.8447   3.2060   0.0690   0.9139   0.0172
   0.8456   3.2040   0.0689   0.9138   0.0173
   0.8464   3.2083   0.0689   0.9138   0.0174
   0.8473   3.2084   0.0688   0.9138   0.0174
   0.8481   3.2034   0.0687   0.9138   0.0175
   0.8490   3.2038   0.0687   0.9137   0.0176
   0.8498   3.2038   0.0686   0.9137   0.0177
   0.8506   3.2002   0.0686   0.9137   0.0177
   0.8514   3.2051   0.0685   0.9136   0.0178
   0.8522   3.2065   0.0685   0.9136   0.0179
   0.8531   3.2058   0.0684   0.9136   0.0180
   0.8539   3.2037   0.0684   0.9136   0.0181
   0.8547   3.2039   0.0683   0.9136   0.0181
   0.8555   3.2042   0.0682   0.9136   0.0182
   0.8562   3.2025   0.0682   0.9136   0.0183
   0.8570   3.1999   0.0681   0.9135   0.0183
   0.8578   3.1995   0.0681   0.9135   0.0184
   0.8586   3.1995   0.0680   0.9135   0.0185
   0.8594   3.1968   0.0680   0.9135   0.0186
   0.8601   3.1964   0.0679   0.9134   0.0186
   0.8609   3.1950   0.0679   0.9134   0.0187
   0.8616   3.1963   0.0678   0.9134   0.0188
   0.8624   3.1976   0.0678   0.9134   0.0188
   0.8631   3.1980   0.0677   0.9134   0.0189
   0.8639   3.1980   0.0676   0.9134   0.0190
   0.8646   3.1974   0.0676   0.9134   0.0190
   0.8653   3.1979   0.0675   0.9133   0.0191
   0.8661   3.1982   0.0675   0.9133   0.0192
   0.8668   3.1995   0.0674   0.9133   0.0192
   0.8675   3.1998   0.0674   0.9133   0.0193
   0.8682   3.1994   0.0673   0.9133   0.0194
   0.8690   3.2007   0.0673   0.9133   0.0195
   0.8697   3.2016   0.0672   0.9133   0.0195
   0.8704   3.1987   0.0672   0.9132   0.0196
   0.8711   3.1987   0.0671   0.9132   0.0197
   0.8718   3.1961   0.0671   0.9132   0.0197
   0.8725   3.1946   0.0670   0.9132   0.0198
   0.8731   3.1956   0.0670   0.9132   0.0198
   0.8738   3.1946   0.0669   0.9132   0.0199
   0.8745   3.1930   0.0668   0.9132   0.0200
   0.8752   3.1933   0.0668   0.9132   0.0200
   0.8759   3.1931   0.0667   0.9132   0.0201
   0.8765   3.1930   0.0667   0.9132   0.0202
   0.8772   3.1917   0.0666   0.9132   0.0202
   0.8779   3.1928   0.0666   0.9131   0.0203
   0.8785   3.1935   0.0665   0.9131   0.0203
   0.8792   3.1917   0.0665   0.9131   0.0204
   0.8799   3.1925   0.0664   0.9131   0.0205
   0.8805   3.1939   0.0664   0.9131   0.0205
   0.8812   3.1935   0.0663   0.9131   0.0206
   0.8818   3.1997   0.0663   0.9131   0.0206
   0.8825   3.1998   0.0662   0.9131   0.0207
   0.8831   3.2006   0.0662   0.9131   0.0208
   0.8837   3.2005   0.0661   0.9131   0.0208
   0.8844   3.2035   0.0660   0.9131   0.0209
   0.8850   3.2053   0.0660   0.9131   0.0209
   0.8856   3.2032   0.0659   0.9131   0.0210
   0.8862   3.1999   0.0659   0.9130   0.0211
   0.8869   3.1998   0.0658   0.9130   0.0211
   0.8875   3.1997   0.0658   0.9130   0.0212
   0.8881   3.1996   0.0657   0.9130   0.0212
   0.8887   3.2022   0.0657   0.9130   0.0213
   0.8893   3.2021   0.0656   0.9130   0.0213
   0.8899   3.2018   0.0656   0.9130   0.0214
   0.8905   3.2050   0.0655   0.9130   0.0215
   0.8912   3.2049   0.0655   0.9130   0.0215
   0.8918   3.2074   0.0654   0.9130   0.0216
   0.8923   3.2049   0.0654   0.9130   0.0216
   0.8929   3.2048   0.0653   0.9130   0.0217
   0.8935   3.2047   0.0653   0.9130   0.0217
   0.8941   3.2031   0.0652   0.9130   0.0218
   0.8947   3.2030   0.0652   0.9130   0.0218
   0.8953   3.2041   0.0651   0.9130   0.0219
   0.8959   3.1991   0.0651   0.9130   0.0219
   0.8965   3.1982   0.0650   0.9130   0.0220
   0.8970   3.1981   0.0650   0.9130   0.0220
   0.8976   3.1965   0.0649   0.9130   0.0221
   0.8982   3.1939   0.0648   0.9130   0.0221
   0.8988   3.1845   0.0648   0.9130   0.0222
   0.8993   3.1844   0.0647   0.9130   0.0222
   0.8999   3.1847   0.0647   0.9130   0.0223
   0.9005   3.1850   0.0646   0.9130   0.0223
   0.9010   3.1854   0.0646   0.9130   0.0224
   0.9016   3.1869   0.0645   0.9130   0.0224
   0.9022   3.1868   0.0645   0.9130   0.0225
   0.9027   3.1867   0.0644   0.9130   0.0225
   0.9033   3.1862   0.0644   0.9130   0.0226
   0.9038   3.1870   0.0643   0.9130   0.0226
   0.9044   3.1869   0.0643   0.9130   0.0227
   0.9049   3.1890   0.0642   0.9130   0.0227
   0.9055   3.1951   0.0642   0.9130   0.0228
   0.9060   3.1962   0.0641   0.9130   0.0228
   0.9065   3.1940   0.0641   0.9130   0.0229
   0.9071   3.1946   0.0640   0.9130   0.0229
   0.9076   3.1950   0.0640   0.9130   0.0230
   0.9082   3.1962   0.0640   0.9130   0.0230
   0.9087   3.1961   0.0639   0.9130   0.0231
   0.9092   3.1960   0.0639   0.9130   0.0231
   0.9097   3.1978   0.0638   0.9130   0.0232
   0.9103   3.1978   0.0638   0.9130   0.0232
   0.9108   3.1949   0.0637   0.9130   0.0233
   0.9113   3.1933   0.0637   0.9130   0.0233
   0.9118   3.1932   0.0636   0.9130   0.0233
   0.9124   3.1939   0.0636   0.9130   0.0234
   0.9129   3.1940   0.0635   0.9130   0.0234
   0.9134   3.1940   0.0635   0.9131   0.0235
   0.9139   3.1909   0.0634   0.9131   0.0235
   0.9144   3.1895   0.0634   0.9131   0.0236
   0.9149   3.1868   0.0633   0.9131   0.0236
   0.9155   3.1895   0.0633   0.9131   0.0237
   0.9160   3.1877   0.0632   0.9131   0.0237
   0.9165   3.1873   0.0632   0.9131   0.0237
   0.9170   3.1872   0.0631   0.9131   0.0238
   0.9175   3.1851   0.0631   0.9131   0.0238
   0.9180   3.1846   0.0630   0.9131   0.0239
   0.9185   3.1829   0.0630   0.9131   0.0239
   0.9190   3.1796   0.0629   0.9131   0.0240
   0.9195   3.1795   0.0629   0.9131   0.0240
   0.9200   3.1751   0.0628   0.9131   0.0240
   0.9205   3.1750   0.0628   0.9131   0.0241
   0.9210   3.1742   0.0628   0.9131   0.0241
   0.9214   3.1756   0.0627   0.9131   0.0242
   0.9219   3.1777   0.0627   0.9131   0.0242
