   STRAIN    AVACS    PRITW    SECTW    MODE1    MODE2    MODE3    MODE4    TWFR3    EFFR3    TWFR4    EFFR4
   0.0000   1.7952   0.0000   0.0000   0.9929   0.0000   0.0071   0.0000   0.0000   0.0000   0.0000   0.0000
   0.0100   1.7782   0.0000   0.0000   0.9817   0.0000   0.0183   0.0000   0.0010   0.0000   0.0000   0.0000
   0.0200   1.7538   0.0013   0.0000   0.9776   0.0000   0.0223   0.0001   0.0037   0.0013   0.0000   0.0000
   0.0300   1.7393   0.0040   0.0000   0.9778   0.0000   0.0219   0.0003   0.0069   0.0040   0.0000   0.0000
   0.0400   1.7212   0.0069   0.0000   0.9792   0.0000   0.0204   0.0004   0.0100   0.0069   0.0000   0.0000
   0.0500   1.7121   0.0087   0.0000   0.9801   0.0000   0.0194   0.0005   0.0129   0.0087   0.0001   0.0000
   0.0600   1.7124   0.0118   0.0000   0.9820   0.0000   0.0176   0.0005   0.0157   0.0118   0.0001   0.0000
   0.0700   1.7122   0.0156   0.0000   0.9840   0.0000   0.0155   0.0005   0.0182   0.0156   0.0002   0.0000
   0.0800   1.7135   0.0177   0.0000   0.9853   0.0000   0.0143   0.0004   0.0205   0.0177   0.0002   0.0000
   0.0900   1.7258   0.0200   0.0000   0.9867   0.0000   0.0129   0.0004   0.0225   0.0200   0.0003   0.0000
   0.1000   1.7605   0.0213   0.0000   0.9876   0.0000   0.0120   0.0003   0.0244   0.0213   0.0003   0.0000
   0.1100   1.8051   0.0241   0.0000   0.9890   0.0000   0.0107   0.0003   0.0261   0.0241   0.0004   0.0000
   0.1200   1.8298   0.0271   0.0000   0.9904   0.0000   0.0094   0.0002   0.0276   0.0271   0.0004   0.0000
   0.1300   1.8549   0.0295   0.0000   0.9915   0.0000   0.0083   0.0002   0.0290   0.0295   0.0004   0.0000
   0.1400   1.8782   0.0308   0.0000   0.9922   0.0000   0.0077   0.0001   0.0302   0.0308   0.0004   0.0000
   0.1500   1.8849   0.0316   0.0000   0.9926   0.0000   0.0073   0.0001   0.0313   0.0316   0.0004   0.0000
   0.1600   1.8864   0.0325   0.0000   0.9930   0.0000   0.0069   0.0001   0.0324   0.0325   0.0004   0.0000
   0.1700   1.8960   0.0337   0.0000   0.9934   0.0000   0.0065   0.0001   0.0334   0.0337   0.0005   0.0000
   0.1800   1.9005   0.0352   0.0000   0.9939   0.0000   0.0061   0.0001   0.0343   0.0352   0.0005   0.0000
   0.1900   1.9046   0.0352   0.0000   0.9939   0.0000   0.0060   0.0001   0.0352   0.0352   0.0005   0.0000
   0.2000   1.9070   0.0369   0.0000   0.9944   0.0000   0.0056   0.0001   0.0361   0.0369   0.0005   0.0000
    STEP   AVACS   MODE1   MODE2   MODE3   MODE4
       1   3.443   0.375   0.001   0.084   0.540
       2   3.433   0.382   0.001   0.079   0.538
       3   3.400   0.389   0.001   0.074   0.536
       4   3.370   0.399   0.001   0.067   0.533
       5   3.321   0.413   0.001   0.061   0.525
       6   3.240   0.433   0.001   0.053   0.513
       7   3.179   0.463   0.001   0.045   0.491
       8   3.108   0.507   0.001   0.038   0.454
       9   3.034   0.559   0.001   0.032   0.409
      10   2.952   0.615   0.001   0.027   0.358
      11   2.864   0.673   0.001   0.022   0.305
      12   2.811   0.731   0.000   0.018   0.250
      13   2.762   0.789   0.000   0.015   0.196
      14   2.691   0.845   0.000   0.012   0.143
      15   2.563   0.899   0.000   0.009   0.092
      16   2.281   0.949   0.000   0.006   0.045
      17   1.901   0.988   0.000   0.004   0.008
      18   1.908   0.995   0.000   0.005   0.000
      19   2.051   0.971   0.000   0.028   0.000
      20   2.737   0.903   0.000   0.097   0.000
      21   3.491   0.831   0.000   0.169   0.000
      22   3.831   0.761   0.000   0.239   0.000
      23   4.053   0.693   0.000   0.307   0.000
      24   4.182   0.627   0.000   0.373   0.000
      25   4.262   0.563   0.000   0.436   0.000
      26   4.272   0.501   0.000   0.499   0.000
      27   4.267   0.439   0.000   0.561   0.000
      28   4.217   0.377   0.000   0.622   0.001
      29   4.101   0.315   0.000   0.684   0.001
      30   3.923   0.253   0.000   0.746   0.001
      31   3.575   0.192   0.000   0.806   0.002
      32   3.084   0.142   0.000   0.856   0.002
      33   2.962   0.119   0.000   0.879   0.002
      34   3.222   0.119   0.000   0.880   0.001
      35   3.592   0.124   0.000   0.876   0.000
      36   3.691   0.129   0.000   0.871   0.000
      37   3.780   0.134   0.000   0.866   0.000
      38   3.800   0.141   0.000   0.859   0.000
      39   3.755   0.148   0.000   0.851   0.000
      40   3.658   0.157   0.000   0.843   0.000
      41   3.519   0.167   0.000   0.833   0.000
      42   3.299   0.178   0.000   0.822   0.000
      43   2.880   0.191   0.000   0.809   0.000
      44   2.304   0.215   0.000   0.785   0.000
      45   2.436   0.272   0.000   0.728   0.000
      46   2.843   0.350   0.000   0.650   0.000
      47   3.087   0.425   0.000   0.575   0.000
      48   3.226   0.497   0.000   0.503   0.000
      49   3.301   0.566   0.000   0.434   0.000
      50   3.316   0.634   0.000   0.366   0.000
      51   3.261   0.700   0.000   0.300   0.000
      52   3.151   0.765   0.000   0.235   0.000
      53   2.904   0.829   0.000   0.171   0.000
      54   2.382   0.887   0.000   0.113   0.000
      55   2.011   0.917   0.000   0.083   0.000
      56   2.009   0.908   0.000   0.085   0.008
      57   2.458   0.861   0.000   0.092   0.047
      58   2.668   0.803   0.000   0.100   0.097
      59   2.731   0.741   0.000   0.107   0.152
      60   2.811   0.680   0.000   0.112   0.208
      61   2.919   0.621   0.000   0.115   0.264
      62   3.087   0.566   0.000   0.117   0.317
      63   3.160   0.513   0.000   0.117   0.369
      64   3.185   0.464   0.000   0.116   0.419
      65   3.176   0.420   0.001   0.115   0.465
      66   3.150   0.384   0.001   0.112   0.503
      67   3.177   0.360   0.001   0.109   0.530
      68   3.285   0.352   0.001   0.105   0.541
      69   3.354   0.352   0.001   0.102   0.545
      70   3.415   0.355   0.001   0.098   0.546
      71   3.437   0.361   0.001   0.093   0.545
      72   3.430   0.368   0.001   0.089   0.542
