   STRAIN    AVACS    PRITW    SECTW    MODE1    MODE2    MODE3    MODE4    TWFR3    EFFR3    TWFR4    EFFR4
   0.0000   1.9063   0.0000   0.0000   0.9811   0.0000   0.0189   0.0000   0.0000   0.0000   0.0000   0.0000
   0.0100   2.4035   0.0000   0.0000   0.8966   0.0000   0.1034   0.0000   0.0027   0.0000   0.0000   0.0000
   0.0200   2.6859   0.0038   0.0000   0.8224   0.0000   0.1774   0.0002   0.0175   0.0038   0.0000   0.0000
   0.0300   2.7276   0.0165   0.0000   0.7854   0.0000   0.2141   0.0005   0.0431   0.0165   0.0000   0.0000
   0.0400   2.7241   0.0364   0.0000   0.7778   0.0000   0.2214   0.0009   0.0741   0.0364   0.0001   0.0000
   0.0500   2.7044   0.0627   0.0000   0.7869   0.0000   0.2119   0.0012   0.1064   0.0627   0.0002   0.0000
   0.0600   2.6815   0.0903   0.0000   0.8002   0.0000   0.1982   0.0016   0.1375   0.0903   0.0003   0.0000
   0.0700   2.6639   0.1209   0.0000   0.8134   0.0000   0.1844   0.0021   0.1668   0.1209   0.0005   0.0000
   0.0800   2.6381   0.1545   0.0000   0.8250   0.0000   0.1720   0.0030   0.1943   0.1545   0.0007   0.0000
   0.0900   2.6480   0.1962   0.0000   0.8351   0.0000   0.1604   0.0045   0.2203   0.1960   0.0010   0.0001
   0.1000   2.6651   0.2308   0.0000   0.8415   0.0000   0.1521   0.0064   0.2448   0.2305   0.0016   0.0003
   0.1100   2.7140   0.2695   0.0000   0.8435   0.0000   0.1466   0.0098   0.2683   0.2687   0.0023   0.0007
   0.1200   2.7671   0.2928   0.0000   0.8408   0.0001   0.1452   0.0140   0.2914   0.2914   0.0034   0.0013
   0.1300   2.8097   0.3170   0.0000   0.8343   0.0003   0.1448   0.0206   0.3145   0.3146   0.0051   0.0024
   0.1400   2.8143   0.3417   0.0000   0.8226   0.0008   0.1451   0.0315   0.3378   0.3378   0.0075   0.0040
   0.1500   2.8398   0.3686   0.0001   0.8087   0.0019   0.1436   0.0458   0.3613   0.3621   0.0113   0.0065
   0.1600   2.8572   0.3945   0.0001   0.7924   0.0038   0.1425   0.0612   0.3848   0.3851   0.0169   0.0095
   0.1700   2.9094   0.4231   0.0002   0.7767   0.0071   0.1415   0.0746   0.4082   0.4083   0.0244   0.0150
   0.1800   2.9832   0.4486   0.0003   0.7492   0.0147   0.1361   0.1000   0.4315   0.4322   0.0335   0.0167
   0.1900   3.0575   0.4735   0.0046   0.7289   0.0244   0.1332   0.1135   0.4538   0.4546   0.0457   0.0235
   0.2000   3.1286   0.4982   0.0098   0.7119   0.0353   0.1327   0.1201   0.4757   0.4763   0.0595   0.0317
    STEP   AVACS   MODE1   MODE2   MODE3   MODE4
       1   3.174   0.552   0.003   0.376   0.069
       2   3.185   0.500   0.003   0.423   0.074
       3   3.191   0.448   0.005   0.468   0.079
       4   3.182   0.397   0.006   0.512   0.086
       5   3.143   0.355   0.006   0.551   0.088
       6   3.089   0.328   0.005   0.583   0.084
       7   3.008   0.313   0.004   0.606   0.077
       8   2.892   0.310   0.002   0.620   0.067
       9   2.699   0.321   0.001   0.624   0.053
      10   2.614   0.348   0.001   0.616   0.036
      11   2.589   0.384   0.000   0.597   0.018
      12   2.622   0.419   0.000   0.574   0.006
      13   2.834   0.449   0.000   0.550   0.001
      14   2.925   0.473   0.000   0.527   0.000
      15   2.967   0.493   0.000   0.507   0.000
      16   2.971   0.510   0.000   0.490   0.000
      17   2.897   0.522   0.000   0.478   0.000
      18   2.706   0.529   0.000   0.471   0.000
      19   2.421   0.529   0.000   0.470   0.000
      20   2.593   0.548   0.000   0.451   0.001
      21   2.843   0.580   0.000   0.420   0.000
      22   3.006   0.609   0.000   0.391   0.000
      23   3.090   0.634   0.000   0.366   0.000
      24   3.136   0.656   0.000   0.344   0.000
      25   3.127   0.674   0.000   0.326   0.000
      26   3.079   0.688   0.000   0.311   0.000
      27   2.931   0.699   0.000   0.301   0.000
      28   2.754   0.704   0.000   0.295   0.000
      29   2.481   0.700   0.000   0.299   0.001
      30   2.188   0.684   0.000   0.315   0.001
      31   2.239   0.672   0.000   0.328   0.001
      32   2.310   0.660   0.000   0.339   0.000
      33   2.301   0.648   0.000   0.352   0.000
      34   2.253   0.633   0.000   0.367   0.001
      35   2.120   0.613   0.000   0.383   0.003
      36   2.053   0.585   0.002   0.401   0.012
      37   2.138   0.554   0.005   0.415   0.026
      38   2.299   0.534   0.007   0.423   0.036
      39   2.466   0.527   0.008   0.422   0.043
      40   2.561   0.526   0.009   0.417   0.048
      41   2.688   0.530   0.010   0.409   0.052
      42   2.782   0.536   0.011   0.398   0.056
      43   2.846   0.543   0.012   0.385   0.060
      44   2.923   0.552   0.013   0.371   0.064
      45   3.010   0.563   0.014   0.355   0.068
      46   3.094   0.577   0.015   0.336   0.071
      47   3.142   0.594   0.017   0.316   0.074
      48   3.175   0.612   0.018   0.292   0.078
      49   3.209   0.632   0.020   0.266   0.082
      50   3.259   0.652   0.023   0.238   0.088
      51   3.252   0.672   0.026   0.206   0.096
      52   3.213   0.691   0.030   0.173   0.106
      53   3.143   0.710   0.035   0.137   0.119
      54   2.989   0.729   0.039   0.100   0.132
      55   2.809   0.754   0.038   0.069   0.138
      56   2.707   0.794   0.030   0.050   0.125
      57   2.598   0.837   0.021   0.040   0.102
      58   2.473   0.872   0.013   0.034   0.081
      59   2.337   0.898   0.007   0.029   0.065
      60   2.203   0.915   0.004   0.026   0.055
      61   2.104   0.924   0.002   0.023   0.051
      62   2.092   0.927   0.001   0.021   0.052
      63   2.113   0.924   0.000   0.020   0.056
      64   2.173   0.916   0.001   0.019   0.064
      65   2.224   0.901   0.003   0.022   0.074
      66   2.382   0.877   0.005   0.039   0.079
      67   2.587   0.844   0.006   0.074   0.077
      68   2.755   0.803   0.005   0.119   0.073
      69   2.885   0.756   0.004   0.169   0.070
      70   2.998   0.706   0.003   0.223   0.068
      71   3.104   0.654   0.003   0.276   0.067
      72   3.148   0.603   0.002   0.327   0.068
