   STRAIN    AVACS    PRITW    SECTW    MODE1    MODE2    MODE3    MODE4    TWFR3    EFFR3    TWFR4    EFFR4
   0.0000   1.9063   0.0000   0.0000   0.9811   0.0000   0.0189   0.0000   0.0000   0.0000   0.0000   0.0000
   0.0100   2.4035   0.0000   0.0000   0.8966   0.0000   0.1034   0.0000   0.0027   0.0000   0.0000   0.0000
   0.0200   2.6859   0.0038   0.0000   0.8224   0.0000   0.1774   0.0002   0.0175   0.0038   0.0000   0.0000
   0.0300   2.7276   0.0165   0.0000   0.7854   0.0000   0.2141   0.0005   0.0431   0.0165   0.0000   0.0000
   0.0400   2.7241   0.0364   0.0000   0.7778   0.0000   0.2214   0.0009   0.0741   0.0364   0.0001   0.0000
   0.0500   2.7044   0.0627   0.0000   0.7869   0.0000   0.2119   0.0012   0.1064   0.0627   0.0002   0.0000
   0.0600   2.6815   0.0903   0.0000   0.8002   0.0000   0.1982   0.0016   0.1375   0.0903   0.0003   0.0000
   0.0700   2.6639   0.1209   0.0000   0.8134   0.0000   0.1844   0.0021   0.1668   0.1209   0.0005   0.0000
   0.0800   2.6381   0.1545   0.0000   0.8250   0.0000   0.1720   0.0030   0.1943   0.1545   0.0007   0.0000
   0.0900   2.6480   0.1962   0.0000   0.8351   0.0000   0.1604   0.0045   0.2203   0.1960   0.0010   0.0001
   0.1000   2.6651   0.2308   0.0000   0.8415   0.0000   0.1521   0.0064   0.2448   0.2305   0.0016   0.0003
   0.1100   2.7140   0.2695   0.0000   0.8435   0.0000   0.1466   0.0098   0.2683   0.2687   0.0023   0.0007
   0.1200   2.7671   0.2928   0.0000   0.8408   0.0001   0.1452   0.0140   0.2914   0.2914   0.0034   0.0013
   0.1300   2.8097   0.3170   0.0000   0.8343   0.0003   0.1448   0.0206   0.3145   0.3146   0.0051   0.0024
   0.1400   2.8143   0.3417   0.0000   0.8226   0.0008   0.1451   0.0315   0.3378   0.3378   0.0075   0.0040
   0.1500   2.8398   0.3686   0.0001   0.8087   0.0019   0.1436   0.0458   0.3613   0.3621   0.0113   0.0065
   0.1600   2.8572   0.3945   0.0001   0.7924   0.0038   0.1425   0.0612   0.3848   0.3851   0.0169   0.0095
   0.1700   2.9094   0.4231   0.0002   0.7767   0.0071   0.1415   0.0746   0.4082   0.4083   0.0244   0.0150
   0.1800   2.9831   0.4486   0.0003   0.7492   0.0147   0.1361   0.1000   0.4315   0.4322   0.0335   0.0167
   0.1900   3.0569   0.4735   0.0046   0.7288   0.0243   0.1333   0.1136   0.4538   0.4546   0.0457   0.0235
   0.2000   3.1241   0.4982   0.0098   0.7116   0.0352   0.1328   0.1204   0.4757   0.4763   0.0595   0.0317
    STEP   AVACS   MODE1   MODE2   MODE3   MODE4
       1   2.632   0.528   0.001   0.425   0.047
       2   2.638   0.475   0.001   0.474   0.051
       3   2.601   0.422   0.001   0.520   0.057
       4   2.535   0.369   0.002   0.564   0.065
       5   2.463   0.321   0.002   0.604   0.072
       6   2.352   0.292   0.002   0.637   0.070
       7   2.267   0.281   0.001   0.658   0.060
       8   2.232   0.285   0.001   0.667   0.047
       9   2.134   0.301   0.000   0.665   0.033
      10   2.033   0.328   0.000   0.652   0.019
      11   1.991   0.364   0.000   0.629   0.008
      12   1.981   0.399   0.000   0.597   0.003
      13   2.067   0.431   0.000   0.566   0.003
      14   2.247   0.459   0.000   0.538   0.003
      15   2.316   0.481   0.000   0.515   0.003
      16   2.408   0.500   0.000   0.496   0.004
      17   2.479   0.516   0.000   0.479   0.005
      18   2.533   0.529   0.000   0.465   0.006
      19   2.656   0.537   0.000   0.456   0.006
      20   2.720   0.550   0.000   0.443   0.007
      21   2.907   0.577   0.000   0.416   0.007
      22   3.015   0.605   0.000   0.389   0.006
      23   3.075   0.629   0.000   0.366   0.005
      24   3.096   0.650   0.000   0.345   0.005
      25   3.078   0.667   0.000   0.328   0.004
      26   3.026   0.681   0.000   0.315   0.004
      27   2.862   0.692   0.000   0.305   0.003
      28   2.693   0.696   0.000   0.301   0.003
      29   2.441   0.693   0.000   0.305   0.002
      30   2.197   0.680   0.000   0.318   0.002
      31   2.245   0.671   0.000   0.328   0.001
      32   2.311   0.660   0.000   0.339   0.001
      33   2.303   0.647   0.000   0.352   0.000
      34   2.254   0.633   0.000   0.367   0.001
      35   2.120   0.613   0.000   0.383   0.003
      36   2.053   0.585   0.002   0.401   0.012
      37   2.138   0.554   0.005   0.415   0.026
      38   2.299   0.534   0.007   0.423   0.036
      39   2.466   0.527   0.008   0.422   0.043
      40   2.561   0.526   0.009   0.417   0.048
      41   2.688   0.530   0.010   0.409   0.052
      42   2.782   0.536   0.011   0.398   0.056
      43   2.846   0.543   0.012   0.385   0.060
      44   2.925   0.552   0.013   0.371   0.064
      45   3.013   0.563   0.014   0.355   0.068
      46   3.096   0.577   0.015   0.337   0.071
      47   3.141   0.593   0.017   0.316   0.074
      48   3.171   0.612   0.018   0.292   0.078
      49   3.206   0.631   0.020   0.267   0.082
      50   3.255   0.652   0.023   0.238   0.088
      51   3.249   0.672   0.026   0.207   0.096
      52   3.208   0.691   0.030   0.173   0.106
      53   3.138   0.710   0.035   0.137   0.119
      54   2.985   0.729   0.039   0.100   0.132
      55   2.808   0.754   0.038   0.069   0.139
      56   2.703   0.794   0.030   0.051   0.125
      57   2.597   0.837   0.021   0.041   0.102
      58   2.471   0.872   0.013   0.034   0.081
      59   2.336   0.898   0.007   0.030   0.065
      60   2.203   0.915   0.004   0.026   0.056
      61   2.108   0.924   0.001   0.023   0.051
      62   2.095   0.926   0.001   0.021   0.052
      63   2.115   0.924   0.000   0.020   0.056
      64   2.192   0.914   0.001   0.024   0.061
      65   2.264   0.897   0.001   0.039   0.063
      66   2.368   0.869   0.002   0.070   0.059
      67   2.490   0.832   0.002   0.112   0.054
      68   2.590   0.789   0.001   0.160   0.050
      69   2.646   0.740   0.001   0.211   0.047
      70   2.689   0.689   0.001   0.265   0.046
      71   2.703   0.635   0.001   0.319   0.045
      72   2.679   0.581   0.001   0.373   0.046
