   STRAIN    AVACS    PRITW    SECTW    MODE1    MODE2    MODE3    MODE4    TWFR3    EFFR3    TWFR4    EFFR4
   0.0000   3.7612   0.0000   0.0000   0.2780   0.0000   0.7220   0.0000   0.0000   0.0000   0.0000   0.0000
   0.0100   3.1285   0.0348   0.0000   0.2192   0.0000   0.7807   0.0000   0.1117   0.0348   0.0000   0.0000
   0.0200   2.5808   0.1882   0.0000   0.2727   0.0000   0.7257   0.0015   0.2323   0.1882   0.0000   0.0000
   0.0300   2.2842   0.3506   0.0000   0.4132   0.0030   0.5698   0.0140   0.3502   0.3506   0.0002   0.0000
   0.0400   2.3440   0.4434   0.0000   0.5167   0.0159   0.4425   0.0249   0.4434   0.4434   0.0019   0.0000
   0.0500   2.5161   0.5141   0.0000   0.5938   0.0280   0.3489   0.0293   0.5137   0.5139   0.0048   0.0002
   0.0600   2.6097   0.5689   0.0000   0.6381   0.0402   0.2901   0.0316   0.5677   0.5677   0.0082   0.0011
   0.0700   2.6679   0.6147   0.0002   0.6744   0.0484   0.2443   0.0329   0.6117   0.6119   0.0117   0.0031
   0.0800   2.7106   0.6528   0.0011   0.6993   0.0575   0.2093   0.0339   0.6479   0.6487   0.0154   0.0051
   0.0900   2.7377   0.6844   0.0021   0.7191   0.0656   0.1814   0.0340   0.6785   0.6788   0.0190   0.0076
   0.1000   2.7886   0.7123   0.0030   0.7311   0.0746   0.1606   0.0336   0.7047   0.7051   0.0227   0.0102
   0.1100   2.8117   0.7368   0.0051   0.7422   0.0840   0.1408   0.0330   0.7277   0.7286   0.0262   0.0132
   0.1200   2.8153   0.7569   0.0073   0.7504   0.0922   0.1254   0.0321   0.7477   0.7484   0.0297   0.0158
   0.1300   2.8205   0.7742   0.0105   0.7584   0.1002   0.1114   0.0300   0.7653   0.7659   0.0331   0.0188
   0.1400   2.8296   0.7894   0.0136   0.7633   0.1068   0.1014   0.0284   0.7810   0.7816   0.0362   0.0215
   0.1500   2.8476   0.8022   0.0166   0.7665   0.1129   0.0934   0.0272   0.7951   0.7951   0.0391   0.0236
   0.1600   2.8660   0.8155   0.0192   0.7688   0.1187   0.0871   0.0254   0.8081   0.8084   0.0419   0.0263
   0.1700   2.9093   0.8294   0.0201   0.7696   0.1259   0.0805   0.0241   0.8201   0.8206   0.0445   0.0288
   0.1800   2.9249   0.8414   0.0214   0.7688   0.1325   0.0752   0.0235   0.8312   0.8320   0.0470   0.0307
   0.1900   2.9285   0.8510   0.0234   0.7733   0.1390   0.0662   0.0214   0.8415   0.8416   0.0494   0.0329
   0.2000   2.9321   0.8607   0.0251   0.7760   0.1447   0.0596   0.0197   0.8506   0.8509   0.0516   0.0349
    STEP   AVACS   MODE1   MODE2   MODE3   MODE4
       1   1.954   0.204   0.000   0.793   0.003
       2   1.912   0.215   0.000   0.782   0.003
       3   1.932   0.236   0.001   0.760   0.003
       4   1.980   0.266   0.002   0.729   0.003
       5   1.981   0.305   0.005   0.687   0.003
       6   2.035   0.347   0.008   0.641   0.004
       7   2.177   0.374   0.010   0.611   0.005
       8   2.440   0.369   0.012   0.612   0.007
       9   2.680   0.357   0.017   0.616   0.009
      10   2.845   0.343   0.028   0.617   0.012
      11   2.933   0.327   0.042   0.614   0.017
      12   2.999   0.309   0.060   0.608   0.022
      13   3.040   0.289   0.082   0.601   0.028
      14   3.045   0.268   0.107   0.589   0.036
      15   3.048   0.244   0.139   0.572   0.044
      16   3.049   0.218   0.177   0.550   0.054
      17   3.087   0.193   0.220   0.523   0.063
      18   3.076   0.177   0.264   0.488   0.071
      19   3.253   0.185   0.290   0.453   0.072
      20   3.426   0.209   0.296   0.428   0.068
      21   3.717   0.238   0.293   0.406   0.064
      22   3.886   0.267   0.289   0.382   0.062
      23   3.967   0.295   0.288   0.357   0.060
      24   4.010   0.322   0.288   0.330   0.060
      25   4.006   0.349   0.289   0.303   0.059
      26   3.928   0.377   0.292   0.273   0.059
      27   3.852   0.405   0.296   0.241   0.059
      28   3.728   0.434   0.301   0.206   0.059
      29   3.544   0.465   0.308   0.168   0.059
      30   3.399   0.499   0.317   0.127   0.058
      31   3.289   0.536   0.325   0.084   0.056
      32   3.156   0.575   0.325   0.048   0.053
      33   3.120   0.626   0.290   0.036   0.048
      34   3.078   0.683   0.236   0.041   0.039
      35   3.061   0.729   0.193   0.047   0.030
      36   3.041   0.760   0.164   0.052   0.024
      37   2.992   0.776   0.148   0.056   0.020
      38   2.932   0.776   0.145   0.060   0.020
      39   2.892   0.762   0.152   0.064   0.022
      40   2.827   0.730   0.172   0.069   0.029
      41   2.831   0.679   0.207   0.075   0.038
      42   2.846   0.625   0.239   0.090   0.046
      43   2.966   0.584   0.235   0.132   0.048
      44   3.018   0.542   0.225   0.183   0.049
      45   3.133   0.502   0.216   0.234   0.049
      46   3.279   0.464   0.207   0.282   0.048
      47   3.418   0.428   0.200   0.326   0.046
      48   3.520   0.393   0.196   0.366   0.045
      49   3.586   0.359   0.193   0.404   0.044
      50   3.653   0.325   0.192   0.440   0.043
      51   3.637   0.291   0.191   0.474   0.043
      52   3.594   0.257   0.193   0.506   0.044
      53   3.367   0.222   0.195   0.536   0.047
      54   3.057   0.190   0.194   0.565   0.051
      55   2.837   0.166   0.181   0.598   0.055
      56   2.831   0.165   0.151   0.634   0.051
      57   2.877   0.178   0.116   0.664   0.042
      58   2.879   0.194   0.088   0.685   0.033
      59   2.930   0.210   0.065   0.700   0.025
      60   2.915   0.225   0.047   0.708   0.019
      61   2.890   0.239   0.033   0.713   0.014
      62   2.911   0.253   0.022   0.715   0.011
      63   2.884   0.265   0.014   0.714   0.008
      64   2.833   0.276   0.008   0.710   0.006
      65   2.707   0.288   0.005   0.702   0.005
      66   2.511   0.300   0.004   0.692   0.004
      67   2.203   0.309   0.005   0.682   0.004
      68   2.019   0.297   0.004   0.695   0.004
      69   2.000   0.262   0.002   0.732   0.004
      70   1.978   0.233   0.001   0.763   0.003
      71   1.986   0.213   0.000   0.783   0.003
      72   1.977   0.204   0.000   0.793   0.003
