   STRAIN    AVACS    PRITW    SECTW    MODE1    MODE2    MODE3    MODE4    TWFR3    EFFR3    TWFR4    EFFR4
   0.0000   3.7612   0.0000   0.0000   0.2780   0.0000   0.7220   0.0000   0.0000   0.0000   0.0000   0.0000
   0.0100   3.1285   0.0348   0.0000   0.2192   0.0000   0.7807   0.0000   0.1117   0.0348   0.0000   0.0000
   0.0200   2.5808   0.1882   0.0000   0.2727   0.0000   0.7257   0.0015   0.2323   0.1882   0.0000   0.0000
   0.0300   2.2842   0.3506   0.0000   0.4132   0.0030   0.5698   0.0140   0.3502   0.3506   0.0002   0.0000
   0.0400   2.3440   0.4434   0.0000   0.5167   0.0159   0.4425   0.0249   0.4434   0.4434   0.0019   0.0000
   0.0500   2.5161   0.5141   0.0000   0.5938   0.0280   0.3489   0.0293   0.5137   0.5139   0.0048   0.0002
   0.0600   2.6097   0.5689   0.0000   0.6381   0.0402   0.2901   0.0316   0.5677   0.5677   0.0082   0.0011
   0.0700   2.6677   0.6147   0.0002   0.6744   0.0484   0.2443   0.0329   0.6117   0.6119   0.0117   0.0031
   0.0800   2.7102   0.6528   0.0011   0.6993   0.0575   0.2093   0.0339   0.6479   0.6487   0.0154   0.0051
   0.0900   2.7375   0.6844   0.0021   0.7191   0.0656   0.1814   0.0339   0.6785   0.6788   0.0190   0.0076
   0.1000   2.7875   0.7123   0.0030   0.7312   0.0747   0.1606   0.0335   0.7047   0.7051   0.0227   0.0102
   0.1100   2.8101   0.7368   0.0051   0.7423   0.0841   0.1408   0.0327   0.7277   0.7286   0.0262   0.0132
   0.1200   2.8140   0.7568   0.0073   0.7507   0.0923   0.1253   0.0316   0.7477   0.7484   0.0297   0.0157
   0.1300   2.8193   0.7742   0.0105   0.7588   0.1004   0.1114   0.0294   0.7653   0.7659   0.0330   0.0188
   0.1400   2.8336   0.7900   0.0127   0.7634   0.1080   0.1008   0.0277   0.7810   0.7816   0.0360   0.0212
   0.1500   2.8387   0.8019   0.0167   0.7679   0.1135   0.0927   0.0259   0.7950   0.7953   0.0389   0.0233
   0.1600   2.8536   0.8154   0.0191   0.7698   0.1194   0.0871   0.0237   0.8079   0.8083   0.0416   0.0262
   0.1700   2.8973   0.8294   0.0201   0.7707   0.1267   0.0803   0.0222   0.8199   0.8207   0.0440   0.0288
   0.1800   2.9157   0.8402   0.0216   0.7702   0.1330   0.0753   0.0215   0.8310   0.8314   0.0463   0.0304
   0.1900   2.9155   0.8503   0.0236   0.7751   0.1399   0.0658   0.0192   0.8413   0.8414   0.0485   0.0325
   0.2000   2.9202   0.8602   0.0249   0.7779   0.1458   0.0591   0.0172   0.8503   0.8507   0.0504   0.0343
    STEP   AVACS   MODE1   MODE2   MODE3   MODE4
       1   2.687   0.276   0.006   0.717   0.001
       2   2.691   0.286   0.007   0.705   0.001
       3   2.613   0.306   0.009   0.684   0.001
       4   2.544   0.335   0.011   0.652   0.002
       5   2.477   0.371   0.015   0.611   0.002
       6   2.417   0.408   0.021   0.568   0.004
       7   2.484   0.420   0.022   0.552   0.006
       8   2.771   0.410   0.022   0.560   0.008
       9   3.012   0.395   0.028   0.566   0.010
      10   3.157   0.378   0.039   0.569   0.014
      11   3.259   0.359   0.053   0.570   0.018
      12   3.354   0.338   0.071   0.567   0.024
      13   3.424   0.315   0.093   0.562   0.030
      14   3.357   0.291   0.119   0.552   0.037
      15   3.254   0.263   0.153   0.539   0.046
      16   3.201   0.230   0.194   0.521   0.055
      17   3.186   0.196   0.242   0.496   0.065
      18   3.153   0.173   0.286   0.468   0.073
      19   3.270   0.180   0.306   0.441   0.073
      20   3.467   0.205   0.306   0.422   0.068
      21   3.764   0.235   0.300   0.401   0.064
      22   3.937   0.264   0.296   0.378   0.061
      23   4.018   0.293   0.294   0.353   0.060
      24   4.057   0.320   0.294   0.327   0.059
      25   4.063   0.347   0.295   0.299   0.059
      26   3.996   0.375   0.297   0.270   0.058
      27   3.916   0.403   0.301   0.238   0.058
      28   3.777   0.433   0.306   0.203   0.058
      29   3.597   0.464   0.313   0.165   0.058
      30   3.438   0.497   0.322   0.124   0.057
      31   3.312   0.534   0.330   0.082   0.055
      32   3.165   0.573   0.329   0.046   0.052
      33   3.121   0.626   0.292   0.036   0.047
      34   3.076   0.684   0.237   0.041   0.038
      35   3.053   0.730   0.194   0.046   0.029
      36   3.033   0.761   0.165   0.051   0.022
      37   2.982   0.777   0.149   0.055   0.018
      38   2.914   0.778   0.146   0.059   0.017
      39   2.881   0.764   0.154   0.063   0.019
      40   2.825   0.731   0.175   0.069   0.025
      41   2.843   0.681   0.211   0.075   0.034
      42   2.871   0.626   0.244   0.089   0.041
      43   2.986   0.584   0.242   0.131   0.043
      44   3.063   0.542   0.233   0.181   0.044
      45   3.193   0.502   0.223   0.232   0.044
      46   3.350   0.464   0.214   0.279   0.043
      47   3.489   0.428   0.208   0.323   0.042
      48   3.603   0.393   0.204   0.363   0.040
      49   3.667   0.358   0.202   0.400   0.040
      50   3.722   0.324   0.202   0.435   0.040
      51   3.701   0.289   0.203   0.468   0.041
      52   3.623   0.253   0.206   0.499   0.042
      53   3.399   0.217   0.210   0.527   0.046
      54   3.115   0.184   0.212   0.553   0.051
      55   2.918   0.160   0.200   0.583   0.056
      56   2.911   0.162   0.170   0.615   0.053
      57   2.968   0.181   0.135   0.640   0.044
      58   3.002   0.205   0.104   0.656   0.035
      59   3.104   0.228   0.078   0.667   0.027
      60   3.275   0.247   0.058   0.674   0.021
      61   3.347   0.264   0.043   0.677   0.016
      62   3.323   0.281   0.031   0.677   0.012
      63   3.275   0.296   0.022   0.674   0.008
      64   3.210   0.311   0.015   0.667   0.006
      65   3.087   0.326   0.012   0.658   0.005
      66   2.947   0.340   0.010   0.646   0.004
      67   2.629   0.354   0.013   0.629   0.004
      68   2.458   0.358   0.015   0.624   0.003
      69   2.536   0.331   0.011   0.656   0.002
      70   2.605   0.304   0.008   0.686   0.002
      71   2.615   0.285   0.006   0.707   0.001
      72   2.665   0.275   0.006   0.718   0.001
