   STRAIN    AVACS    PRITW    SECTW    MODE1    MODE2    MODE3    MODE4    TWFR3    EFFR3    TWFR4    EFFR4
   0.0000   3.0391   0.0000   0.0000   0.6040   0.0000   0.0280   0.3680   0.0000   0.0000   0.0000   0.0000
   0.0100   3.0508   0.0018   0.0000   0.4479   0.0001   0.0479   0.5040   0.0051   0.0010   0.0501   0.0008
   0.0200   3.0730   0.0352   0.0000   0.4673   0.0003   0.0552   0.4772   0.0135   0.0095   0.1152   0.0257
   0.0300   3.1034   0.0995   0.0000   0.5332   0.0005   0.0700   0.3963   0.0231   0.0230   0.1769   0.0765
   0.0400   3.2562   0.1705   0.0008   0.6149   0.0005   0.0894   0.2952   0.0353   0.0317   0.2283   0.1396
   0.0500   3.3276   0.2409   0.0061   0.6921   0.0004   0.0957   0.2118   0.0508   0.0424   0.2662   0.2047
   0.0600   3.3893   0.3038   0.0119   0.7511   0.0003   0.0979   0.1506   0.0670   0.0529   0.2929   0.2628
   0.0700   3.3588   0.3507   0.0259   0.7894   0.0003   0.0918   0.1185   0.0834   0.0702   0.3116   0.3064
   0.0800   3.3093   0.3745   0.0400   0.8039   0.0004   0.0854   0.1103   0.0987   0.0874   0.3262   0.3271
   0.0900   3.3311   0.3936   0.0400   0.8151   0.0004   0.0857   0.0988   0.1130   0.0931   0.3399   0.3405
   0.1000   3.3540   0.4067   0.0580   0.8133   0.0006   0.0851   0.1010   0.1272   0.1122   0.3521   0.3525
   0.1100   3.3255   0.4198   0.0841   0.8078   0.0011   0.0851   0.1060   0.1415   0.1386   0.3647   0.3653
   0.1200   3.2938   0.4338   0.0967   0.8117   0.0014   0.0853   0.1016   0.1559   0.1522   0.3780   0.3782
   0.1300   3.2389   0.4480   0.1139   0.8134   0.0019   0.0822   0.1025   0.1704   0.1711   0.3908   0.3908
   0.1400   3.2130   0.4625   0.1269   0.8184   0.0025   0.0806   0.0986   0.1844   0.1848   0.4038   0.4047
   0.1500   3.2040   0.4741   0.1415   0.8219   0.0032   0.0789   0.0961   0.1981   0.1993   0.4162   0.4163
   0.1600   3.1650   0.4870   0.1543   0.8278   0.0039   0.0768   0.0915   0.2116   0.2120   0.4284   0.4293
   0.1700   3.2270   0.4979   0.1674   0.8259   0.0047   0.0807   0.0888   0.2246   0.2249   0.4399   0.4404
   0.1800   3.2171   0.5088   0.1821   0.8236   0.0058   0.0820   0.0887   0.2384   0.2394   0.4511   0.4516
   0.1900   3.2235   0.5199   0.1963   0.8199   0.0073   0.0826   0.0902   0.2523   0.2535   0.4624   0.4627
   0.2000   3.3032   0.5322   0.2099   0.8163   0.0089   0.0845   0.0903   0.2664   0.2671   0.4738   0.4750
    STEP   AVACS   MODE1   MODE2   MODE3   MODE4
       1   3.494   0.812   0.009   0.091   0.088
       2   3.498   0.808   0.010   0.096   0.086
       3   3.390   0.805   0.011   0.101   0.083
       4   3.255   0.800   0.011   0.107   0.081
       5   3.206   0.796   0.012   0.114   0.078
       6   3.176   0.794   0.012   0.121   0.074
       7   3.117   0.795   0.011   0.127   0.067
       8   3.046   0.801   0.009   0.131   0.059
       9   2.938   0.810   0.007   0.134   0.049
      10   2.809   0.819   0.005   0.136   0.040
      11   2.648   0.830   0.003   0.136   0.031
      12   2.436   0.841   0.002   0.135   0.023
      13   2.220   0.853   0.001   0.131   0.015
      14   2.067   0.868   0.000   0.123   0.008
      15   2.064   0.882   0.000   0.114   0.004
      16   2.082   0.890   0.000   0.106   0.003
      17   2.013   0.893   0.000   0.103   0.004
      18   2.047   0.888   0.000   0.105   0.007
      19   2.066   0.883   0.000   0.110   0.007
      20   2.175   0.880   0.000   0.115   0.005
      21   2.272   0.872   0.000   0.123   0.005
      22   2.322   0.859   0.000   0.136   0.005
      23   2.304   0.840   0.000   0.153   0.006
      24   2.310   0.815   0.000   0.176   0.008
      25   2.312   0.787   0.000   0.203   0.010
      26   2.342   0.757   0.000   0.231   0.012
      27   2.371   0.726   0.000   0.259   0.014
      28   2.378   0.698   0.000   0.286   0.016
      29   2.375   0.671   0.000   0.312   0.017
      30   2.351   0.648   0.000   0.335   0.017
      31   2.298   0.633   0.000   0.350   0.016
      32   2.247   0.628   0.000   0.358   0.013
      33   2.191   0.629   0.000   0.361   0.010
      34   2.196   0.631   0.000   0.361   0.008
      35   2.230   0.632   0.000   0.361   0.008
      36   2.247   0.630   0.000   0.361   0.009
      37   2.256   0.627   0.000   0.361   0.012
      38   2.296   0.621   0.000   0.362   0.016
      39   2.325   0.614   0.000   0.363   0.022
      40   2.340   0.608   0.000   0.363   0.029
      41   2.380   0.604   0.000   0.361   0.035
      42   2.418   0.603   0.000   0.357   0.040
      43   2.484   0.606   0.000   0.350   0.045
      44   2.513   0.613   0.000   0.339   0.048
      45   2.502   0.628   0.000   0.323   0.049
      46   2.507   0.649   0.000   0.303   0.047
      47   2.485   0.676   0.000   0.280   0.044
      48   2.430   0.708   0.000   0.254   0.038
      49   2.364   0.743   0.000   0.226   0.031
      50   2.341   0.777   0.000   0.199   0.024
      51   2.362   0.809   0.000   0.174   0.016
      52   2.319   0.839   0.000   0.151   0.010
      53   2.264   0.865   0.000   0.129   0.006
      54   2.177   0.888   0.000   0.108   0.004
      55   2.091   0.906   0.000   0.090   0.003
      56   1.996   0.919   0.000   0.078   0.003
      57   1.947   0.926   0.000   0.071   0.003
      58   1.951   0.929   0.000   0.068   0.002
      59   1.927   0.928   0.000   0.069   0.003
      60   1.922   0.924   0.000   0.071   0.005
      61   1.997   0.914   0.000   0.074   0.011
      62   2.072   0.901   0.001   0.077   0.021
      63   2.214   0.886   0.001   0.079   0.034
      64   2.370   0.868   0.003   0.081   0.048
      65   2.486   0.849   0.005   0.082   0.064
      66   2.563   0.832   0.008   0.082   0.078
      67   2.625   0.821   0.010   0.080   0.089
      68   2.691   0.818   0.011   0.078   0.093
      69   2.773   0.818   0.010   0.077   0.095
      70   2.912   0.819   0.010   0.078   0.094
      71   3.121   0.818   0.009   0.081   0.092
      72   3.346   0.815   0.009   0.086   0.090
