   STRAIN    AVACS    PRITW    SECTW    MODE1    MODE2    MODE3    MODE4    TWFR3    EFFR3    TWFR4    EFFR4
   0.0000   3.0391   0.0000   0.0000   0.6040   0.0000   0.0280   0.3680   0.0000   0.0000   0.0000   0.0000
   0.0100   3.0508   0.0018   0.0000   0.4479   0.0001   0.0479   0.5040   0.0051   0.0010   0.0501   0.0008
   0.0200   3.0719   0.0352   0.0000   0.4669   0.0003   0.0549   0.4780   0.0135   0.0095   0.1152   0.0257
   0.0300   3.0744   0.0994   0.0000   0.5325   0.0005   0.0686   0.3984   0.0230   0.0230   0.1770   0.0765
   0.0400   3.1947   0.1713   0.0008   0.6146   0.0005   0.0888   0.2961   0.0350   0.0316   0.2286   0.1405
   0.0500   3.2609   0.2409   0.0061   0.6900   0.0004   0.0953   0.2143   0.0504   0.0423   0.2666   0.2046
   0.0600   3.3482   0.3049   0.0103   0.7503   0.0004   0.0987   0.1507   0.0665   0.0521   0.2936   0.2631
   0.0700   3.3228   0.3524   0.0242   0.7891   0.0003   0.0932   0.1173   0.0830   0.0684   0.3123   0.3082
   0.0800   3.2834   0.3748   0.0400   0.8014   0.0004   0.0864   0.1118   0.0985   0.0874   0.3267   0.3274
   0.0900   3.3341   0.3939   0.0420   0.8126   0.0005   0.0866   0.1003   0.1130   0.0944   0.3406   0.3415
   0.1000   3.3163   0.4083   0.0571   0.8134   0.0007   0.0862   0.0998   0.1274   0.1114   0.3530   0.3541
   0.1100   3.3167   0.4205   0.0812   0.8089   0.0010   0.0864   0.1037   0.1418   0.1360   0.3654   0.3657
   0.1200   3.2941   0.4354   0.0975   0.8119   0.0014   0.0861   0.1006   0.1565   0.1533   0.3784   0.3797
   0.1300   3.2489   0.4476   0.1152   0.8145   0.0019   0.0835   0.1002   0.1711   0.1716   0.3911   0.3912
   0.1400   3.2415   0.4618   0.1288   0.8176   0.0025   0.0827   0.0972   0.1854   0.1861   0.4038   0.4046
   0.1500   3.2459   0.4745   0.1418   0.8223   0.0031   0.0817   0.0929   0.1995   0.1996   0.4162   0.4166
   0.1600   3.2058   0.4866   0.1567   0.8259   0.0039   0.0797   0.0905   0.2135   0.2144   0.4280   0.4289
   0.1700   3.2357   0.4971   0.1712   0.8233   0.0049   0.0821   0.0897   0.2271   0.2286   0.4394   0.4396
   0.1800   3.2573   0.5089   0.1847   0.8226   0.0059   0.0830   0.0885   0.2412   0.2419   0.4508   0.4517
   0.1900   3.2581   0.5203   0.1996   0.8189   0.0075   0.0835   0.0901   0.2554   0.2568   0.4621   0.4630
   0.2000   3.3166   0.5308   0.2128   0.8152   0.0093   0.0841   0.0914   0.2697   0.2700   0.4735   0.4736
    STEP   AVACS   MODE1   MODE2   MODE3   MODE4
       1   3.473   0.815   0.009   0.087   0.089
       2   3.471   0.812   0.010   0.092   0.087
       3   3.381   0.810   0.010   0.096   0.084
       4   3.251   0.807   0.011   0.101   0.081
       5   3.192   0.803   0.011   0.107   0.078
       6   3.149   0.803   0.011   0.113   0.074
       7   3.098   0.805   0.010   0.118   0.067
       8   3.015   0.810   0.008   0.123   0.059
       9   2.910   0.818   0.007   0.126   0.050
      10   2.787   0.828   0.005   0.127   0.040
      11   2.621   0.840   0.003   0.127   0.030
      12   2.421   0.851   0.002   0.126   0.021
      13   2.203   0.864   0.001   0.122   0.013
      14   2.045   0.879   0.000   0.114   0.007
      15   2.038   0.892   0.000   0.104   0.003
      16   2.055   0.901   0.000   0.097   0.002
      17   1.992   0.903   0.000   0.094   0.003
      18   2.024   0.898   0.000   0.097   0.005
      19   2.042   0.894   0.000   0.102   0.005
      20   2.172   0.889   0.000   0.107   0.004
      21   2.279   0.880   0.000   0.117   0.003
      22   2.313   0.865   0.000   0.131   0.004
      23   2.304   0.844   0.000   0.151   0.006
      24   2.315   0.817   0.000   0.176   0.008
      25   2.328   0.786   0.000   0.204   0.010
      26   2.371   0.755   0.000   0.233   0.012
      27   2.397   0.724   0.000   0.262   0.014
      28   2.418   0.695   0.000   0.289   0.016
      29   2.415   0.667   0.000   0.316   0.017
      30   2.404   0.643   0.000   0.339   0.018
      31   2.354   0.626   0.000   0.357   0.017
      32   2.292   0.619   0.000   0.366   0.015
      33   2.247   0.620   0.000   0.369   0.011
      34   2.224   0.622   0.000   0.369   0.008
      35   2.249   0.624   0.000   0.368   0.007
      36   2.227   0.624   0.000   0.368   0.008
      37   2.245   0.622   0.000   0.368   0.010
      38   2.267   0.618   0.000   0.369   0.013
      39   2.286   0.612   0.000   0.369   0.018
      40   2.318   0.607   0.000   0.369   0.024
      41   2.353   0.605   0.000   0.366   0.030
      42   2.395   0.605   0.000   0.360   0.035
      43   2.454   0.609   0.000   0.352   0.039
      44   2.486   0.617   0.000   0.341   0.042
      45   2.486   0.631   0.000   0.325   0.043
      46   2.483   0.653   0.000   0.305   0.042
      47   2.464   0.681   0.000   0.281   0.038
      48   2.412   0.713   0.000   0.254   0.033
      49   2.358   0.748   0.000   0.225   0.026
      50   2.337   0.783   0.000   0.197   0.019
      51   2.350   0.815   0.000   0.172   0.013
      52   2.317   0.844   0.000   0.148   0.007
      53   2.250   0.869   0.000   0.127   0.004
      54   2.152   0.891   0.000   0.107   0.002
      55   2.061   0.908   0.000   0.090   0.002
      56   1.971   0.921   0.000   0.077   0.002
      57   1.934   0.928   0.000   0.071   0.001
      58   1.950   0.929   0.000   0.069   0.002
      59   1.928   0.927   0.000   0.071   0.002
      60   1.923   0.920   0.000   0.074   0.005
      61   2.002   0.909   0.000   0.078   0.012
      62   2.088   0.894   0.001   0.082   0.023
      63   2.224   0.878   0.002   0.084   0.036
      64   2.380   0.859   0.003   0.086   0.051
      65   2.493   0.841   0.006   0.087   0.066
      66   2.578   0.824   0.009   0.087   0.081
      67   2.639   0.813   0.011   0.085   0.091
      68   2.710   0.810   0.012   0.082   0.096
      69   2.793   0.812   0.011   0.080   0.097
      70   2.929   0.815   0.010   0.080   0.095
      71   3.110   0.816   0.010   0.081   0.093
      72   3.315   0.816   0.009   0.084   0.091
