   STRAIN    AVACS    PRITW    SECTW    MODE1    MODE2    MODE3    MODE4    TWFR3    EFFR3    TWFR4    EFFR4
   0.0000   3.0391   0.0000   0.0000   0.6040   0.0000   0.0280   0.3680   0.0000   0.0000   0.0000   0.0000
   0.0100   3.0508   0.0018   0.0000   0.4479   0.0001   0.0479   0.5040   0.0051   0.0010   0.0501   0.0008
   0.0200   3.0719   0.0352   0.0000   0.4669   0.0003   0.0549   0.4780   0.0135   0.0095   0.1152   0.0257
   0.0300   3.0744   0.0994   0.0000   0.5325   0.0005   0.0686   0.3984   0.0230   0.0230   0.1770   0.0765
   0.0400   3.1947   0.1713   0.0008   0.6146   0.0005   0.0888   0.2961   0.0350   0.0316   0.2286   0.1405
   0.0500   3.2608   0.2409   0.0061   0.6900   0.0004   0.0953   0.2143   0.0504   0.0423   0.2666   0.2046
   0.0600   3.3481   0.3049   0.0103   0.7503   0.0004   0.0987   0.1507   0.0665   0.0521   0.2936   0.2631
   0.0700   3.3227   0.3524   0.0242   0.7891   0.0003   0.0932   0.1173   0.0830   0.0684   0.3123   0.3082
   0.0800   3.2828   0.3748   0.0400   0.8016   0.0004   0.0864   0.1116   0.0985   0.0874   0.3267   0.3274
   0.0900   3.3323   0.3939   0.0420   0.8127   0.0005   0.0866   0.1003   0.1130   0.0944   0.3406   0.3415
   0.1000   3.3160   0.4083   0.0571   0.8134   0.0007   0.0862   0.0998   0.1274   0.1114   0.3530   0.3541
   0.1100   3.3162   0.4205   0.0812   0.8089   0.0010   0.0864   0.1036   0.1418   0.1360   0.3654   0.3657
   0.1200   3.2955   0.4354   0.0975   0.8119   0.0014   0.0861   0.1006   0.1565   0.1533   0.3784   0.3797
   0.1300   3.2472   0.4476   0.1152   0.8145   0.0019   0.0835   0.1001   0.1711   0.1716   0.3911   0.3912
   0.1400   3.2406   0.4618   0.1288   0.8176   0.0025   0.0827   0.0971   0.1854   0.1861   0.4038   0.4046
   0.1500   3.2451   0.4745   0.1418   0.8224   0.0031   0.0817   0.0928   0.1995   0.1996   0.4161   0.4166
   0.1600   3.2052   0.4866   0.1567   0.8260   0.0039   0.0797   0.0905   0.2135   0.2144   0.4279   0.4289
   0.1700   3.2344   0.4971   0.1712   0.8234   0.0049   0.0820   0.0896   0.2271   0.2286   0.4394   0.4396
   0.1800   3.2554   0.5089   0.1847   0.8227   0.0060   0.0830   0.0883   0.2411   0.2419   0.4508   0.4517
   0.1900   3.2553   0.5203   0.1996   0.8190   0.0076   0.0835   0.0899   0.2553   0.2568   0.4620   0.4630
   0.2000   3.3137   0.5308   0.2128   0.8154   0.0094   0.0841   0.0911   0.2696   0.2700   0.4734   0.4736
    STEP   AVACS   MODE1   MODE2   MODE3   MODE4
       1   3.471   0.815   0.009   0.088   0.088
       2   3.469   0.812   0.010   0.092   0.086
       3   3.379   0.810   0.010   0.096   0.083
       4   3.245   0.807   0.011   0.101   0.081
       5   3.186   0.804   0.011   0.107   0.077
       6   3.139   0.803   0.011   0.113   0.073
       7   3.090   0.806   0.010   0.118   0.066
       8   3.004   0.811   0.009   0.123   0.058
       9   2.901   0.819   0.007   0.126   0.048
      10   2.778   0.829   0.005   0.127   0.039
      11   2.616   0.840   0.003   0.127   0.029
      12   2.413   0.852   0.002   0.126   0.020
      13   2.196   0.865   0.001   0.122   0.012
      14   2.043   0.880   0.000   0.114   0.006
      15   2.037   0.893   0.000   0.104   0.003
      16   2.056   0.901   0.000   0.097   0.002
      17   1.988   0.904   0.000   0.094   0.002
      18   2.001   0.900   0.000   0.097   0.003
      19   2.000   0.900   0.000   0.097   0.002
      20   2.137   0.904   0.000   0.094   0.002
      21   2.249   0.905   0.000   0.093   0.001
      22   2.342   0.900   0.000   0.099   0.001
      23   2.384   0.885   0.000   0.114   0.001
      24   2.453   0.863   0.000   0.136   0.001
      25   2.525   0.837   0.000   0.162   0.001
      26   2.567   0.810   0.000   0.188   0.002
      27   2.603   0.782   0.000   0.216   0.002
      28   2.650   0.753   0.000   0.244   0.003
      29   2.632   0.723   0.000   0.273   0.004
      30   2.616   0.695   0.001   0.300   0.004
      31   2.576   0.676   0.001   0.319   0.004
      32   2.548   0.672   0.001   0.325   0.002
      33   2.576   0.675   0.000   0.323   0.001
      34   2.659   0.681   0.000   0.319   0.000
      35   2.716   0.684   0.000   0.315   0.000
      36   2.749   0.686   0.000   0.314   0.000
      37   2.755   0.686   0.000   0.314   0.000
      38   2.717   0.682   0.000   0.317   0.000
      39   2.675   0.677   0.000   0.322   0.000
      40   2.644   0.672   0.000   0.327   0.001
      41   2.587   0.668   0.000   0.330   0.001
      42   2.555   0.667   0.000   0.330   0.002
      43   2.636   0.672   0.000   0.324   0.003
      44   2.703   0.684   0.000   0.312   0.003
      45   2.752   0.702   0.000   0.294   0.004
      46   2.780   0.723   0.000   0.273   0.004
      47   2.747   0.747   0.000   0.250   0.003
      48   2.701   0.771   0.000   0.225   0.003
      49   2.661   0.798   0.000   0.199   0.002
      50   2.573   0.827   0.000   0.171   0.002
      51   2.512   0.854   0.000   0.145   0.001
      52   2.394   0.876   0.000   0.123   0.001
      53   2.273   0.892   0.000   0.106   0.001
      54   2.132   0.905   0.001   0.092   0.002
      55   2.011   0.915   0.000   0.083   0.002
      56   1.954   0.922   0.000   0.076   0.002
      57   1.930   0.928   0.000   0.071   0.001
      58   1.950   0.929   0.000   0.069   0.002
      59   1.928   0.927   0.000   0.071   0.002
      60   1.923   0.920   0.000   0.074   0.005
      61   2.002   0.909   0.000   0.078   0.012
      62   2.087   0.894   0.001   0.082   0.023
      63   2.226   0.878   0.002   0.084   0.036
      64   2.378   0.860   0.003   0.086   0.051
      65   2.491   0.841   0.006   0.087   0.066
      66   2.575   0.824   0.009   0.087   0.081
      67   2.636   0.813   0.011   0.085   0.091
      68   2.709   0.811   0.012   0.082   0.096
      69   2.790   0.812   0.011   0.080   0.097
      70   2.926   0.815   0.011   0.079   0.095
      71   3.106   0.816   0.010   0.081   0.093
      72   3.313   0.816   0.009   0.084   0.091
