   STRAIN    AVACS    PRITW    SECTW    MODE1    MODE2    MODE3    MODE4    TWFR3    EFFR3    TWFR4    EFFR4
   0.0000   3.0391   0.0000   0.0000   0.6040   0.0000   0.0280   0.3680   0.0000   0.0000   0.0000   0.0000
   0.0100   3.0508   0.0018   0.0000   0.4479   0.0001   0.0479   0.5040   0.0051   0.0010   0.0501   0.0008
   0.0200   3.0730   0.0352   0.0000   0.4673   0.0003   0.0552   0.4772   0.0135   0.0095   0.1152   0.0257
   0.0300   3.1034   0.0995   0.0000   0.5332   0.0005   0.0700   0.3963   0.0231   0.0230   0.1769   0.0765
   0.0400   3.2562   0.1705   0.0008   0.6149   0.0005   0.0894   0.2952   0.0353   0.0317   0.2283   0.1396
   0.0500   3.3275   0.2409   0.0061   0.6921   0.0004   0.0957   0.2118   0.0508   0.0424   0.2662   0.2047
   0.0600   3.3893   0.3038   0.0119   0.7511   0.0003   0.0979   0.1506   0.0670   0.0529   0.2929   0.2628
   0.0700   3.3586   0.3507   0.0259   0.7894   0.0003   0.0918   0.1185   0.0834   0.0702   0.3116   0.3064
   0.0800   3.3096   0.3745   0.0400   0.8039   0.0004   0.0854   0.1103   0.0987   0.0874   0.3262   0.3271
   0.0900   3.3309   0.3936   0.0400   0.8151   0.0004   0.0857   0.0988   0.1130   0.0931   0.3399   0.3405
   0.1000   3.3537   0.4067   0.0580   0.8133   0.0006   0.0851   0.1010   0.1272   0.1122   0.3521   0.3525
   0.1100   3.3251   0.4198   0.0841   0.8078   0.0011   0.0851   0.1060   0.1415   0.1386   0.3646   0.3653
   0.1200   3.2933   0.4338   0.0967   0.8117   0.0014   0.0853   0.1016   0.1559   0.1522   0.3780   0.3782
   0.1300   3.2411   0.4480   0.1139   0.8138   0.0020   0.0823   0.1019   0.1704   0.1711   0.3908   0.3908
   0.1400   3.2129   0.4625   0.1269   0.8190   0.0025   0.0808   0.0977   0.1844   0.1848   0.4037   0.4047
   0.1500   3.2049   0.4741   0.1415   0.8226   0.0033   0.0790   0.0951   0.1982   0.1993   0.4160   0.4163
   0.1600   3.1643   0.4870   0.1546   0.8285   0.0040   0.0769   0.0907   0.2117   0.2123   0.4281   0.4293
   0.1700   3.2332   0.4982   0.1674   0.8274   0.0047   0.0808   0.0871   0.2248   0.2249   0.4395   0.4407
   0.1800   3.2136   0.5088   0.1821   0.8248   0.0060   0.0822   0.0871   0.2385   0.2394   0.4505   0.4516
   0.1900   3.2307   0.5190   0.1963   0.8210   0.0077   0.0828   0.0886   0.2525   0.2535   0.4615   0.4618
   0.2000   3.3019   0.5301   0.2095   0.8175   0.0094   0.0841   0.0889   0.2666   0.2667   0.4728   0.4729
    STEP   AVACS   MODE1   MODE2   MODE3   MODE4
       1   3.492   0.813   0.010   0.091   0.086
       2   3.498   0.809   0.010   0.096   0.085
       3   3.387   0.805   0.011   0.102   0.082
       4   3.260   0.801   0.012   0.108   0.080
       5   3.208   0.796   0.012   0.114   0.077
       6   3.177   0.794   0.012   0.121   0.072
       7   3.115   0.796   0.011   0.127   0.066
       8   3.047   0.801   0.009   0.131   0.058
       9   2.939   0.810   0.007   0.134   0.048
      10   2.814   0.820   0.005   0.136   0.039
      11   2.655   0.830   0.003   0.136   0.031
      12   2.446   0.841   0.002   0.135   0.022
      13   2.220   0.853   0.001   0.132   0.014
      14   2.070   0.868   0.000   0.124   0.008
      15   2.061   0.882   0.000   0.114   0.004
      16   2.080   0.891   0.000   0.107   0.003
      17   2.003   0.894   0.000   0.103   0.003
      18   2.022   0.891   0.000   0.105   0.003
      19   2.040   0.890   0.000   0.106   0.003
      20   2.151   0.896   0.000   0.101   0.002
      21   2.271   0.899   0.000   0.099   0.002
      22   2.341   0.895   0.000   0.103   0.001
      23   2.385   0.884   0.000   0.115   0.001
      24   2.448   0.864   0.000   0.135   0.001
      25   2.501   0.839   0.000   0.160   0.001
      26   2.569   0.812   0.000   0.186   0.002
      27   2.602   0.785   0.000   0.213   0.002
      28   2.653   0.756   0.000   0.241   0.003
      29   2.633   0.726   0.000   0.270   0.004
      30   2.620   0.699   0.001   0.296   0.004
      31   2.543   0.680   0.001   0.315   0.004
      32   2.517   0.677   0.001   0.320   0.002
      33   2.594   0.682   0.000   0.317   0.001
      34   2.670   0.688   0.000   0.311   0.000
      35   2.739   0.690   0.000   0.309   0.000
      36   2.762   0.691   0.000   0.309   0.000
      37   2.753   0.690   0.000   0.310   0.000
      38   2.714   0.685   0.000   0.314   0.000
      39   2.652   0.679   0.000   0.320   0.000
      40   2.608   0.672   0.000   0.327   0.001
      41   2.565   0.667   0.000   0.331   0.002
      42   2.574   0.666   0.000   0.331   0.003
      43   2.651   0.671   0.001   0.325   0.004
      44   2.714   0.682   0.001   0.313   0.004
      45   2.748   0.699   0.001   0.296   0.004
      46   2.780   0.720   0.001   0.275   0.004
      47   2.769   0.743   0.001   0.253   0.004
      48   2.749   0.767   0.001   0.229   0.004
      49   2.693   0.793   0.000   0.204   0.003
      50   2.620   0.821   0.000   0.177   0.002
      51   2.553   0.848   0.000   0.150   0.002
      52   2.416   0.870   0.000   0.128   0.002
      53   2.287   0.888   0.001   0.109   0.002
      54   2.153   0.903   0.001   0.093   0.003
      55   2.052   0.915   0.000   0.082   0.003
      56   1.973   0.923   0.000   0.075   0.003
      57   1.938   0.929   0.000   0.069   0.002
      58   1.943   0.931   0.000   0.067   0.002
      59   1.925   0.930   0.000   0.067   0.003
      60   1.921   0.925   0.000   0.069   0.005
      61   1.993   0.916   0.000   0.072   0.011
      62   2.064   0.903   0.001   0.075   0.021
      63   2.204   0.888   0.001   0.077   0.034
      64   2.353   0.870   0.003   0.079   0.048
      65   2.466   0.851   0.005   0.080   0.064
      66   2.550   0.834   0.008   0.080   0.078
      67   2.619   0.823   0.011   0.079   0.088
      68   2.683   0.820   0.011   0.077   0.092
      69   2.766   0.820   0.011   0.076   0.093
      70   2.910   0.820   0.010   0.078   0.092
      71   3.122   0.819   0.010   0.081   0.090
      72   3.350   0.816   0.010   0.086   0.089
